0.071599413338126 -0.0525203537103277 -0.0260438671897748 -0.0111389863146842 0.0780802383720395 0.0525574550349677 0.0744475810526393 -0.0620590899830381
-0.0525203537103277 0.12043561683742 0.124283191632758 -0.0587020388718387 -0.0130752641918846 0.035099643941531 0.0368508527884766 0.0626296001938415
-0.0260438671897748 0.124283191632758 0.128265191616679 -0.0432347299278491 0.015616105265812 0.0449586302608746 0.153572094480635 0.0503016821761048
-0.0111389863146842 -0.0587020388718387 -0.0432347299278491 0.0958439113657164 -0.0293254222504716 -0.0559485985590966 -0.0558151101792551 0.0418652886278858
0.0780802383720395 -0.0130752641918846 0.015616105265812 -0.0293254222504716 0.013809281223031 0.0583791171906454 0.130870459612942 -0.0283363891039342
0.0525574550349677 0.035099643941531 0.0449586302608746 -0.0559485985590966 0.0583791171906454 0.0657909328077116 0.0323780512486875 -0.027379204939288
0.0744475810526393 0.0368508527884766 0.153572094480635 -0.0558151101792551 0.130870459612942 0.0323780512486875 0.384241324620335 -0.0576302567814259
-0.0620590899830381 0.0626296001938415 0.0503016821761048 0.0418652886278858 -0.0283363891039342 -0.027379204939288 -0.0576302567814259 0.0709858477369868
