0.0430373833819113 -0.0123560013184665 -0.00599104035943307 -0.0473136082776295 0.0383141448817277 0.0173805572190528 0.00359994999148161 -0.0400533999415819
-0.0123560013184665 0.0683844138108441 0.053274467208928 0.0150831926444681 0.0264956834385341 -1.73639306093096e-05 0.0382865534496833 0.0402055037415959
-0.00599104035943307 0.053274467208928 0.0454872941691986 -0.00412772083544005 0.0246629588318369 -0.00370265242573823 0.0569682964476521 0.0376061717265052
-0.0473136082776295 0.0150831926444681 -0.00412772083544005 0.11285146727967 0.01924976310094 -0.0478631520776289 0.047125484162624 0.0805720975643173
0.0383141448817277 0.0264956834385341 0.0246629588318369 0.01924976310094 0.00531606150946013 -0.00373178067536998 0.0759909337277662 0.0341904319098242
0.0173805572190528 -1.73639306093121e-05 -0.00370265242573823 -0.0478631520776289 -0.00373178067536997 -0.00692473983302666 -0.035831599288653 -0.0163029850125489
0.00359994999148161 0.0382865534496833 0.0569682964476521 0.047125484162624 0.0759909337277662 -0.035831599288653 0.0517650545593531 0.0357247826114223
-0.0400533999415819 0.0402055037415959 0.0376061717265052 0.0805720975643173 0.0341904319098242 -0.0163029850125489 0.0357247826114223 0.0599653601917189
