0.0875477299841184 -0.0859350961759328 -0.0706028318694087 -0.0566081787709817 0.10624227247333 0.0324065774057944 -0.00509147028128397 -0.113076966322221
-0.0859350961759328 0.10065942049441 0.0811411564119193 0.0566128571137337 -0.0817046034872826 -0.0156142130153851 0.0300363550530111 0.119650432023156
-0.0706028318694087 0.0811411564119193 0.0470641447828802 0.0415767032176923 -0.0657712730179554 -0.00660706054991159 0.042559066589854 0.0995409936128882
-0.0566081787709817 0.0566128571137337 0.0415767032176923 0.0690004809722646 -0.050807843912531 -0.03655512221062 0.00786521931612473 0.0820702662713455
0.10624227247333 -0.0817046034872826 -0.0657712730179554 -0.050807843912531 0.0435920744621884 0.0225065277196897 0.0395444333286761 -0.113905081816593
0.0324065774057944 -0.0156142130153851 -0.00660706054991159 -0.03655512221062 0.0225065277196897 0.00474035246706534 0.00134068443379592 -0.0312510583518827
-0.00509147028128396 0.0300363550530111 0.042559066589854 0.00786521931612473 0.0395444333286761 0.00134068443379591 0.101104500170899 0.0301584820311269
-0.113076966322221 0.119650432023156 0.0995409936128882 0.0820702662713455 -0.113905081816593 -0.0312510583518827 0.0301584820311269 0.149838229510777
