0.0374929866321448 -0.0203215495499172 -0.0214190375663768 0.00753144739507171 0.0479104501281159 0.0191377017325219 0.0423842656828077 -0.0368948765467477
-0.0203215495499172 0.0493356043137185 0.0573185645100198 0.0114971966776733 -0.0154323656760409 0.0123923480361012 -0.0207386944927381 0.0365964890564459
-0.0214190375663768 0.0573185645100198 0.0694376395287922 -0.00179329203660845 -0.0427877903157962 0.00816275923990632 -0.00961255369327754 0.0325862686290945
0.00753144739507171 0.0114971966776733 -0.00179329203660845 0.0210487721411003 0.0043307032023734 0.01650782790329 -0.00112377790073988 0.0110016201458383
0.0479104501281159 -0.0154323656760409 -0.0427877903157962 0.00433070320237341 -0.0340038164540891 0.0158058659461401 0.0736190443161512 -0.0106250413738192
0.0191377017325219 0.0123923480361012 0.00816275923990632 0.01650782790329 0.0158058659461401 -0.000644242786210038 -0.0162327168454714 0.0109512186785499
0.0423842656828077 -0.0207386944927381 -0.00961255369327754 -0.00112377790073987 0.0736190443161512 -0.0162327168454714 0.110383714684656 -0.00988297512309723
-0.0368948765467477 0.0365964890564459 0.0325862686290945 0.0110016201458383 -0.0106250413738192 0.0109512186785499 -0.00988297512309723 0.0345087117212568
