0.0858798571383049 -0.0276729438827781 -0.0429909340820146 -0.0149281390193085 0.115817672738817 0.0224990386962005 0.0309559575892137 -0.0514768758053775
-0.0276729438827781 0.0717037632796054 0.10439698067968 -0.0153168145306736 -0.0376809222481028 0.036438429422464 0.0400514584879872 0.0670051664411829
-0.0429909340820146 0.10439698067968 0.153483433321902 -0.0137669681487354 -0.0740476060246633 0.0615191776977206 0.0651383603463864 0.0968724956964779
-0.0149281390193085 -0.0153168145306736 -0.0137669681487354 0.104767141162307 0.0123984003350138 -0.0243609167799919 -0.0568316506876317 0.0372732990956728
0.115817672738817 -0.0376809222481028 -0.0740476060246633 0.0123984003350138 0.0735559417584133 0.0128319407633676 0.0141775204632127 -0.0512921291195678
0.0224990386962005 0.036438429422464 0.0615191776977206 -0.0243609167799919 0.0128319407633676 -0.00527540903362291 0.030849078803731 0.0336294595425519
0.0309559575892137 0.0400514584879872 0.0651383603463864 -0.0568316506876317 0.0141775204632127 0.030849078803731 0.0251600554805489 -0.00306296488762504
-0.0514768758053775 0.0670051664411829 0.0968724956964779 0.0372732990956728 -0.0512921291195678 0.0336294595425519 -0.00306296488762505 0.0666926255334712
