0.0499435597502911 -0.0398437138914361 -0.041752077536399 -0.0585310996993099 0.087937471479729 0.0105736120813307 0.045289192365193 -0.0550198180566482
-0.0398437138914361 0.0591202096643432 0.0776107436563923 0.0508700570601607 -0.0241315266944358 0.0146952641520736 -0.0117264843135151 0.0565069753814441
-0.041752077536399 0.0776107436563923 0.0669267513408199 0.0431383012398494 -0.0479791473145247 0.027497689232627 -0.0246677636174012 0.0669075426621489
-0.0585310996993099 0.0508700570601607 0.0431383012398494 0.138698401474677 -0.104107350226516 -0.0291503595125901 -0.0447974485653607 0.0744959762901805
0.087937471479729 -0.0241315266944358 -0.0479791473145247 -0.104107350226516 0.16977242034189 0.0350810117057689 0.0491904474449767 -0.0472664468293179
0.0105736120813307 0.0146952641520736 0.027497689232627 -0.0291503595125901 0.0350810117057689 0.0235878735538806 -0.0100924406838046 0.0124730377731217
0.045289192365193 -0.0117264843135151 -0.0246677636174012 -0.0447974485653607 0.0491904474449767 -0.0100924406838046 -0.0306202639502845 -0.0364365010406822
-0.0550198180566482 0.0565069753814441 0.0669075426621489 0.0744959762901805 -0.0472664468293179 0.0124730377731217 -0.0364365010406822 0.061274392264471
