0.0222095069607094 -0.0315421294986591 -0.0241874541004398 -0.00607782775419472 0.0413563817352311 0.0241231398538966 -0.00596910513612168 -0.0236200355978249
-0.0315421294986591 0.0386450422269148 0.0336760378904972 0.00915697670636398 -0.0420390118022874 -0.0161220464207662 0.00762822896027194 0.0194649406998541
-0.0241874541004398 0.0336760378904972 0.00826075292491571 0.0112003671051157 -0.0313160605487533 -0.01841514773087 0.044297270112406 0.00087193884072048
-0.00607782775419472 0.00915697670636398 0.0112003671051157 0.0288662186751359 -0.00697153919458146 -0.0260594043640919 -0.00484643870042327 0.0319487156393382
0.0413563817352311 -0.0420390118022874 -0.0313160605487533 -0.00697153919458146 -0.0137281352535151 0.0205547186008652 -0.00571584110581133 -0.0136700500946767
0.0241231398538966 -0.0161220464207662 -0.01841514773087 -0.0260594043640919 0.0205547186008652 -0.00879056387835123 -0.00372449638025451 -0.0123208012781558
-0.00596910513612168 0.00762822896027194 0.044297270112406 -0.00484643870042327 -0.00571584110581132 -0.00372449638025451 0.0649223884717091 -0.0298998353872754
-0.0236200355978249 0.0194649406998541 0.000871938840720481 0.0319487156393381 -0.0136700500946767 -0.0123208012781558 -0.0298998353872754 0.0188494208986614
