0.0631945948234351 -0.0194000576205001 0.0084512889390064 -0.0316759291284959 0.0616441362233973 0.0481347173631259 0.0726498746322761 -0.0131689019881388
-0.0194000576205001 0.056363207856199 0.012734489114359 -0.00264118173128787 -0.0414253924863264 -0.00587421977047868 -0.0201010573243723 0.030998534940689
0.0084512889390064 0.012734489114359 0.00564621508087102 -0.0237352770763612 0.00381476723925607 0.00838326127518699 0.0666189918457916 -0.00127700085387863
-0.0316759291284959 -0.00264118173128787 -0.0237352770763612 0.0447503390637079 -0.00847566342924027 -0.0351517377140501 -0.0640334212244472 0.0357111735305841
0.0616441362233973 -0.0414253924863264 0.00381476723925608 -0.00847566342924027 0.0312613280146477 0.0286463535948825 0.0810983881794628 -0.0242472711033784
0.0481347173631259 -0.00587421977047869 0.008383261275187 -0.0351517377140501 0.0286463535948825 0.0270150622367682 0.0261133654665858 -0.0199761884357994
0.0726498746322761 -0.0201010573243723 0.0666189918457916 -0.0640334212244471 0.0810983881794628 0.0261133654665858 0.118929535238393 -0.0283357794180448
-0.0131689019881388 0.030998534940689 -0.00127700085387863 0.0357111735305841 -0.0242472711033784 -0.0199761884357994 -0.0283357794180448 0.0374008213461415
