0.0499426133189776 -0.0403847170947828 -0.037535023684743 -0.0293941665883308 0.0492662282762085 0.0523417467069429 0.0185193236651002 -0.0272249399837486
-0.0403847170947828 0.0674271362299082 0.0914799895913419 0.0345494724691643 -0.0212886201857344 -0.0355680481118327 0.0241554940967725 0.0371903308572229
-0.037535023684743 0.0914799895913419 0.109400665701572 0.0379246435443854 -0.054744868724171 -0.0217744070318148 0.0164895418411368 0.0535127180313444
-0.0293941665883308 0.0345494724691643 0.0379246435443854 0.0489035035540078 -0.00412883489635475 -0.0366571414616392 -0.00186170225925992 0.0635188571012347
0.0492662282762085 -0.0212886201857344 -0.054744868724171 -0.00412883489635474 0.0477669139382 0.0563437951302168 0.0491492996818825 -0.0254721492963995
0.0523417467069429 -0.0355680481118327 -0.0217744070318148 -0.0366571414616392 0.0563437951302168 0.0412715641767715 -0.0402088478943046 -0.00691252715137423
0.0185193236651002 0.0241554940967725 0.0164895418411368 -0.00186170225925992 0.0491492996818825 -0.0402088478943046 0.114104744635974 -0.0314361566586829
-0.0272249399837486 0.0371903308572229 0.0535127180313444 0.0635188571012347 -0.0254721492963995 -0.00691252715137423 -0.0314361566586829 0.0593686064102267
