0.1085712266166 -0.079990170095961 -0.0663221366046861 -0.0383579042484491 0.0886615765988942 0.00761212082160176 0.0982945468692706 -0.0953955444364429
-0.079990170095961 0.084081823564035 0.0681486218127052 0.0358251634673913 -0.0523607407526918 0.0190142783351198 -0.0807538228424464 0.0994073635373013
-0.0663221366046861 0.0681486218127052 0.0572244638463954 0.0194063497745344 -0.0665878970703208 0.0181845216445635 -0.0884977434575658 0.0707050671119578
-0.0383579042484491 0.0358251634673913 0.0194063497745344 0.0547002090604153 -0.0410508373164609 -0.0363416868597931 -0.0232205003196184 0.080758896722845
0.0886615765988942 -0.0523607407526918 -0.0665878970703208 -0.0410508373164609 -0.00025241390043771 0.0144676357539085 0.128250988216079 -0.0780285984349854
0.00761212082160176 0.0190142783351198 0.0181845216445635 -0.0363416868597931 0.0144676357539085 0.00520089005656767 -0.0100262455734859 -0.0105347353111493
0.0982945468692706 -0.0807538228424464 -0.0884977434575658 -0.0232205003196184 0.128250988216079 -0.0100262455734859 0.167507935071419 -0.116128030441738
-0.0953955444364429 0.0994073635373012 0.0707050671119578 0.080758896722845 -0.0780285984349854 -0.0105347353111493 -0.116128030441738 0.130068928793518
