0.098352345121131 -0.118548319834071 -0.0644457387178458 -0.0755429938211015 0.0676221944084047 0.0698199162614927 -0.0180140838895033 -0.130029775346313
-0.118548319834071 0.164292831437492 0.118322369283055 0.101802379307145 -0.0677740583216684 -0.0532942023779228 0.0689579420318027 0.154979709993863
-0.0644457387178458 0.118322369283055 0.116746497330017 0.0528096659163847 -0.0411976376649224 -0.0411639356808299 0.142632054106701 0.0891149246221499
-0.0755429938211015 0.101802379307145 0.0528096659163847 0.146127536462762 -0.0139577739612834 -0.0685918898265057 0.00686325569553495 0.127291090374826
0.0676221944084047 -0.0677740583216684 -0.0411976376649224 -0.0139577739612834 -0.000848315112283073 0.0276060381476076 0.0213137223348336 -0.0772874765643819
0.0698199162614927 -0.0532942023779228 -0.0411639356808299 -0.0685918898265057 0.0276060381476076 0.0588102099326021 -0.0823560349125514 -0.0752928698193086
-0.0180140838895033 0.0689579420318026 0.142632054106701 0.00686325569553495 0.0213137223348336 -0.0823560349125513 0.209133396961071 0.0195755833183747
-0.130029775346313 0.154979709993863 0.0891149246221499 0.127291090374826 -0.0772874765643819 -0.0752928698193086 0.0195755833183747 0.145282956712451
