0.0211101532257905 -0.0272304223855585 -0.0219139863880155 -0.0239779547371936 0.0196257032010702 0.0022167058838007 -0.00694054526242146 -0.0151483230453811
-0.0272304223855585 0.0412270949973108 0.0301095513083154 0.0193515654504457 -0.0229054026546733 0.0123299464093527 0.00985956501813886 0.0365312633483074
-0.0219139863880155 0.0301095513083154 0.0702414779578062 0.0126566123374921 0.0122923172220799 0.0152508839071326 0.0622712268695514 0.0160092072835261
-0.0239779547371936 0.0193515654504457 0.0126566123374921 0.0163172656005382 -0.0313822740503243 -0.00567344971685643 0.010220192171384 0.010178909311341
0.0196257032010702 -0.0229054026546733 0.0122923172220799 -0.0313822740503243 0.0695211704146784 -0.0304171810581713 0.0745181150393121 -0.0503714596331808
0.0022167058838007 0.0123299464093527 0.0152508839071326 -0.00567344971685642 -0.0304171810581713 0.0238788436548534 -0.00692593005989077 0.0263651782608286
-0.00694054526242146 0.00985956501813886 0.0622712268695513 0.010220192171384 0.0745181150393121 -0.00692593005989077 0.0404891328827221 -0.0168646319200561
-0.0151483230453811 0.0365312633483074 0.0160092072835261 0.010178909311341 -0.0503714596331807 0.0263651782608286 -0.0168646319200561 0.0183400936956157
