0.0715437554532648 -0.0654104257408536 -0.0502632064695659 -0.0382866876236394 0.0550761340050711 0.0289028293888019 0.015045841278073 -0.10113998510461
-0.0654104257408536 0.0887671304148068 0.080217601093075 0.0382379833646911 -0.0173271895065805 -0.0149452779630055 0.0173528153152185 0.0971411726113507
-0.0502632064695659 0.080217601093075 0.0976646865577932 0.0270801922992215 -0.023818962810361 -0.0185314849185647 0.0680778245936726 0.0970149381916706
-0.0382866876236394 0.0382379833646911 0.0270801922992215 0.0547754232406176 -0.0137704395737868 -0.00579557841714263 -0.0174271699097395 0.0789429856717948
0.0550761340050711 -0.0173271895065805 -0.023818962810361 -0.0137704395737868 -0.00969367517103127 0.0162662424564103 0.0154074863392138 -0.0467405540765598
0.0289028293888019 -0.0149452779630055 -0.0185314849185647 -0.00579557841714263 0.0162662424564103 -0.0180073472883639 -0.0202266644018089 -0.0119903972633676
0.015045841278073 0.0173528153152185 0.0680778245936726 -0.0174271699097395 0.0154074863392138 -0.0202266644018089 0.0714836646734212 -0.039807367288103
-0.10113998510461 0.0971411726113507 0.0970149381916706 0.0789429856717948 -0.0467405540765598 -0.0119903972633676 -0.039807367288103 0.155164702049451
