0.148707852303675 -0.116478257089587 -0.0808087690066324 -0.0351129508254322 0.153641081758013 0.0521216554764837 0.0469932156779875 -0.0980935328892349
-0.116478257089587 0.163710941889671 0.111488744032582 0.0244062363934391 -0.0991622297497273 0.0160595109179169 -0.0342589714823666 0.124803515457875
-0.0808087690066324 0.111488744032582 0.111667031648643 0.0101980858334197 -0.0731054367251831 0.00245682554604012 0.0275693432208476 0.0697247564552487
-0.0351129508254322 0.0244062363934391 0.0101980858334197 0.0480033623946579 -0.0449126387783264 -0.00703039732678418 -0.0321189665786927 0.0791536288179773
0.153641081758013 -0.0991622297497273 -0.0731054367251831 -0.0449126387783264 0.114002249224888 0.0281124669965603 0.111703971408372 -0.0943814929334245
0.0521216554764837 0.0160595109179169 0.00245682554604012 -0.00703039732678418 0.0281124669965603 0.0424436931721578 -0.0277492975101733 0.0139502780085807
0.0469932156779875 -0.0342589714823666 0.0275693432208476 -0.0321189665786927 0.111703971408372 -0.0277492975101733 0.152863018371232 -0.0207738004877023
-0.0980935328892349 0.124803515457875 0.0697247564552487 0.0791536288179773 -0.0943814929334245 0.0139502780085807 -0.0207738004877023 0.141245828550907
