0.0932539875575362 -0.0892318215285235 -0.0733903643646688 -0.0257628372083865 0.0934693353411961 0.0182863203644598 0.019972446132351 -0.0761458548369582
-0.0892318215285235 0.125695079159717 0.11436019397663 0.0541294349533363 -0.0459277398972179 0.0199509901395905 0.0323735446409273 0.096350835933502
-0.0733903643646688 0.11436019397663 0.151579643443054 0.0394825379582566 -0.0437890098338472 -0.00987863811101128 0.113983727981964 0.0950085061091739
-0.0257628372083865 0.0541294349533363 0.0394825379582566 0.0932647320988256 -0.0146519721876417 -0.0214906416461038 0.0908053556886267 0.0772771905376607
0.0934693353411961 -0.0459277398972179 -0.0437890098338472 -0.0146519721876417 0.0216332595130306 0.00399689842685461 0.0323842169767826 -0.038916110758286
0.0182863203644598 0.0199509901395905 -0.00987863811101127 -0.0214906416461038 0.00399689842685462 0.00555974095085251 -0.0634983724054648 -0.0132376471679183
0.019972446132351 0.0323735446409273 0.113983727981964 0.0908053556886267 0.0323842169767826 -0.0634983724054648 0.242612135500602 0.0490188955930807
-0.0761458548369582 0.096350835933502 0.0950085061091739 0.0772771905376607 -0.038916110758286 -0.0132376471679183 0.0490188955930807 0.0921213304378796
