0.0359211804593751 -0.0551152212566187 -0.0610121147154627 -0.020247233027875 0.0581770719286569 0.0119848155435086 0.0107776349697581 -0.0418275661126064
-0.0551152212566187 0.118165643394047 0.142157176705645 0.00836907205983962 -0.0332161229739161 0.016861883242859 0.049322745656917 0.0802667839670431
-0.0610121147154627 0.142157176705645 0.156076703312409 0.0105026223357958 -0.0642902677937304 0.0224567870427514 0.105445325759585 0.0840260789683041
-0.020247233027875 0.00836907205983962 0.0105026223357958 0.0649705639851589 -0.0267071959842258 -0.0179451321024481 -0.0402562082078049 0.0699517868470883
0.0581770719286569 -0.0332161229739161 -0.0642902677937304 -0.0267071959842258 0.00521089596130766 -0.02629046931212 0.0397426834610965 -0.0686356327686222
0.0119848155435086 0.016861883242859 0.0224567870427514 -0.0179451321024481 -0.02629046931212 0.0085690999261004 -0.0158456988703979 0.0146243143139302
0.0107776349697581 0.049322745656917 0.105445325759585 -0.0402562082078049 0.0397426834610965 -0.0158456988703979 0.188191350617044 -0.0675417530373815
-0.0418275661126064 0.0802667839670431 0.0840260789683041 0.0699517868470883 -0.0686356327686222 0.0146243143139302 -0.0675417530373815 0.111786584414331
