0.069515406269503 -0.0464384074281868 -0.0608823734319207 -0.0119890790611595 0.0706043521199498 0.0314686119056682 -0.0128493442568296 -0.0333709391114296
-0.0464384074281868 0.0360526871345829 0.0589144604054406 0.00933928272473956 -0.0189605118497149 -0.00571216087246933 -0.0056211657410704 0.0223415170219858
-0.0608823734319207 0.0589144604054406 0.0678323203527944 -1.29534699299916e-05 -0.0524658234311367 -0.00887002252446059 0.0638318217929146 0.0243788999052126
-0.0119890790611595 0.00933928272473956 -1.29534699299933e-05 0.124654988088304 -0.0360348215868364 -0.0103740047511183 -0.00898892104326169 0.0313364550964669
0.0706043521199498 -0.0189605118497149 -0.0524658234311367 -0.0360348215868364 -0.0223213604403451 0.0193456014408391 -0.0496530409384516 -0.010323055931652
0.0314686119056682 -0.00571216087246933 -0.00887002252446059 -0.0103740047511183 0.0193456014408391 -0.0237608088447611 -0.00148857894417911 -0.011329894354575
-0.0128493442568296 -0.0056211657410704 0.0638318217929146 -0.00898892104326169 -0.0496530409384516 -0.00148857894417911 0.0859146364626862 -0.00873805329120997
-0.0333709391114296 0.0223415170219858 0.0243788999052126 0.0313364550964669 -0.010323055931652 -0.011329894354575 -0.00873805329120997 0.0197922209815784
