0.0895259419880789 -0.0995007109741343 -0.0350385362651528 -0.0489071043909668 0.102470441493704 0.0328441969326681 0.0662848912174723 -0.0756531820645873
-0.0995007109741343 0.143656509523303 0.0889037799430235 0.0542158248707532 -0.0726934111204704 -0.00321300111127892 -0.069861325443912 0.122936368251013
-0.0350385362651528 0.0889037799430235 0.0751004665029239 0.0174318782505279 0.00240634370635596 0.0229221201044534 0.0281007118910435 0.0669391485095771
-0.0489071043909668 0.0542158248707532 0.0174318782505279 0.0459030819520686 -0.0281102629803149 -0.025758972990805 -0.0255876386040346 0.0718375945003561
0.102470441493704 -0.0726934111204704 0.00240634370635596 -0.0281102629803149 0.0479927642283292 0.0402419496801275 0.169235160332534 -0.0744005258819653
0.0328441969326681 -0.00321300111127892 0.0229221201044534 -0.025758972990805 0.0402419496801275 0.00207730383928995 0.0116842861048056 -0.0102293505980825
0.0662848912174723 -0.069861325443912 0.0281007118910435 -0.0255876386040346 0.169235160332534 0.0116842861048056 0.222481704270157 -0.0832541442784548
-0.0756531820645873 0.122936368251013 0.0669391485095771 0.0718375945003561 -0.0744005258819653 -0.0102293505980825 -0.0832541442784548 0.11391461265715
