0.112127637211775 -0.0664129849451647 -0.0668082645403159 0.00679940948132764 0.153054678899833 0.0185908050180858 0.0128292131159347 -0.0418931074690428
-0.0664129849451647 0.0764490004960355 0.0562539297633571 0.00387578359561228 -0.0168336433977958 -0.0107910506289434 0.0322927944265224 0.0222244513117602
-0.0668082645403159 0.0562539297633571 0.0688669811497476 -0.0237566906313562 -0.111127606112875 -0.00680974867073151 0.000551665357191771 0.00747063677610597
0.00679940948132764 0.00387578359561228 -0.0237566906313562 0.0685684016228585 0.0571810771815649 0.00578115585698084 0.0302801652242244 0.0356398511374585
0.153054678899833 -0.0168336433977958 -0.111127606112875 0.0571810771815649 0.22653575984817 0.0291954794293731 0.107263962987427 -0.0313171150861065
0.0185908050180858 -0.0107910506289434 -0.00680974867073152 0.00578115585698084 0.0291954794293731 -0.0146749197874582 -0.0218386612677391 0.0301595237579614
0.0128292131159347 0.0322927944265224 0.000551665357191771 0.0302801652242244 0.107263962987427 -0.0218386612677391 -0.00267762545472166 -0.0238490583830764
-0.0418931074690428 0.0222244513117602 0.00747063677610597 0.0356398511374585 -0.0313171150861065 0.0301595237579614 -0.0238490583830764 0.0465283992153602
