0.178600280538342 -0.108995944474811 -0.0744678677419464 -0.00158320015978222 0.182841825188484 0.0796700100371408 0.111783269307554 -0.0886345935330887
-0.108995944474811 0.154536251881162 0.135790687085156 0.0138484610630425 -0.0390746547773486 -0.00788731091602222 0.000231230699751208 0.0838476466526937
-0.0744678677419464 0.135790687085156 0.13127913911644 -0.0223158678397439 -0.0629245730316978 0.0348179697165928 0.0278856627696424 0.0574538270469159
-0.00158320015978222 0.0138484610630425 -0.0223158678397439 0.0728524622447655 0.0349802336898773 -0.012112021463584 -0.00223573164384039 0.0592445970576175
0.182841825188484 -0.0390746547773486 -0.0629245730316978 0.0349802336898773 0.170893043960067 0.0472413816957924 0.191143040194962 -0.076079581478573
0.0796700100371408 -0.00788731091602221 0.0348179697165928 -0.012112021463584 0.0472413816957924 0.0398964411652934 0.0160692310037141 -0.0205527838061807
0.111783269307554 0.000231230699751202 0.0278856627696424 -0.0022357316438404 0.191143040194962 0.0160692310037141 0.17619658455947 -0.0648363833083679
-0.0886345935330887 0.0838476466526937 0.0574538270469159 0.0592445970576175 -0.076079581478573 -0.0205527838061807 -0.0648363833083679 0.0675912269023135
