0.0416474385739913 -0.0226931665761444 -0.0132755725378414 0.00241775140458485 0.0572186081077639 0.0300597714355112 0.0387899409836132 -0.0243458488709345
-0.0226931665761444 0.0408949973186886 0.041208597872769 -0.0226918929840576 -0.0250470600841244 0.0231773669799594 -0.0160188227211895 0.0210935707639002
-0.0132755725378414 0.041208597872769 0.0270341462579988 -0.0137457295742575 -0.00850708952818498 0.0254959526480328 -0.016050563271983 0.0272368949999457
0.00241775140458485 -0.0226918929840576 -0.0137457295742575 0.0555815423640058 -0.00172441484272216 -0.0207334561432807 0.00224711969060212 0.0110463546800015
0.0572186081077639 -0.0250470600841244 -0.00850708952818498 -0.00172441484272215 0.00874608850783593 0.0447623128010088 0.0760489120806935 -0.0394437950113729
0.0300597714355112 0.0231773669799594 0.0254959526480328 -0.0207334561432807 0.0447623128010088 0.0294711409969726 0.04976966206864 -0.0104182505471507
0.0387899409836132 -0.0160188227211895 -0.016050563271983 0.00224711969060212 0.0760489120806935 0.04976966206864 0.0523944171733614 -0.0413115923233176
-0.0243458488709345 0.0210935707639002 0.0272368949999457 0.0110463546800015 -0.0394437950113729 -0.0104182505471507 -0.0413115923233176 0.00929513856363244
