0.102829765257365 -0.0825198598126602 -0.0735274847730696 -0.0682518262841928 0.12222422757413 0.0341652194054124 0.0521297896547173 -0.137108124844094
-0.0825198598126602 0.114547145843735 0.109030772522323 0.0479413041678788 -0.0717416246012961 -0.00628885913598296 -0.00144625297594886 0.130595409066261
-0.0735274847730696 0.109030772522323 0.110170357429279 0.0319212308591463 -0.0821512558182227 0.0196833060292876 0.0837564269571453 0.0930492637709151
-0.0682518262841928 0.0479413041678788 0.0319212308591463 0.130980123135676 -0.112012893687521 -0.049554885085163 -0.0387693395371642 0.135791155216559
0.12222422757413 -0.0717416246012961 -0.0821512558182227 -0.112012893687521 0.0806408723555757 0.0367038780063074 -0.00205516212578396 -0.134304408154713
0.0341652194054124 -0.00628885913598296 0.0196833060292876 -0.049554885085163 0.0367038780063074 0.0247531098830275 0.0764940858416939 -0.0509678691879848
0.0521297896547173 -0.00144625297594887 0.0837564269571453 -0.0387693395371642 -0.00205516212578396 0.0764940858416939 0.206297012781731 -0.11761574606632
-0.137108124844094 0.130595409066261 0.0930492637709151 0.135791155216559 -0.134304408154713 -0.0509678691879848 -0.11761574606632 0.222941044951923
