0.0843588693955178 -0.0350149430270844 -0.03947993981036 -0.0384784884233205 0.109322915090607 0.0276211190905291 0.0878064994044992 -0.0620047277180787
-0.0350149430270844 0.0497840512777819 0.0652981008394743 0.00924240810269875 -0.0313637247321152 -0.00135133267663578 -0.0125741312560515 0.0641747972158017
-0.03947993981036 0.0652981008394743 0.0685392848459932 0.0132845656641172 -0.0658370869369526 -0.002047519180009 0.00681069080422167 0.0584891471800188
-0.0384784884233205 0.00924240810269875 0.0132845656641172 0.0757040158911367 -0.041095224317659 -0.0329189450823921 -0.0183193753028041 0.0374960588525657
0.109322915090607 -0.0313637247321152 -0.0658370869369526 -0.041095224317659 0.127171931198329 0.0303569077767904 0.12247614068298 -0.0856359202463783
0.0276211190905291 -0.00135133267663578 -0.002047519180009 -0.0329189450823921 0.0303569077767904 0.0135225028070081 0.0417661346352887 -0.0257741392651989
0.0878064994044992 -0.0125741312560515 0.00681069080422167 -0.018319375302804 0.12247614068298 0.0417661346352887 0.148934126374641 -0.0859517269624639
-0.0620047277180787 0.0641747972158017 0.0584891471800188 0.0374960588525657 -0.0856359202463783 -0.0257741392651989 -0.0859517269624639 0.0830215617539568
