0.0612331855114389 -0.0485206882261933 -0.035295495736156 -0.00681786343984598 0.0686317329706139 0.0250415433032778 0.0301208821320619 -0.0167109843497313
-0.0485206882261933 0.114016244010929 0.103930090268282 -0.0149635001745721 -0.0416757974733391 0.015676501032864 0.0122091411984765 0.0353411007036491
-0.035295495736156 0.103930090268282 0.096080642228507 -0.0178855462158277 -0.0323033544619662 0.023820063157988 0.0540181966537751 0.0118616984491781
-0.00681786343984598 -0.0149635001745721 -0.0178855462158277 0.0637067517571848 -0.0343288840523624 -0.0215070592040379 -0.0205496468058208 0.0266101559509392
0.0686317329706139 -0.0416757974733391 -0.0323033544619662 -0.0343288840523624 0.0500402137349548 0.0172479661361699 0.0784742484566076 -0.0218706764209455
0.0250415433032778 0.015676501032864 0.023820063157988 -0.0215070592040379 0.0172479661361699 -0.0070769108571771 0.0110090618141849 0.0128858852599404
0.0301208821320619 0.0122091411984765 0.0540181966537751 -0.0205496468058208 0.0784742484566076 0.0110090618141849 0.182556218751258 -0.0230757888207231
-0.0167109843497313 0.0353411007036491 0.0118616984491781 0.0266101559509392 -0.0218706764209455 0.0128858852599405 -0.0230757888207231 0.00856431863856725
