0.041842128615996 0.0149463022079157 0.0206763992532895 -0.0185072208617513 0.0978736774580373 0.0506181234930905 0.0632533434377167 -0.0144476857298126
0.0149463022079157 0.122991038955562 0.126052719129557 -0.0265251424322123 0.0771905837646736 0.0741398734342661 0.0867046848384384 0.0754998332637104
0.0206763992532895 0.126052719129557 0.0987218674307341 -0.0355578431643837 0.0871917142701469 0.0651997499254351 0.0997686378442355 0.0429166169751363
-0.0185072208617513 -0.0265251424322123 -0.0355578431643837 0.0464312010200108 -0.0329189079606841 -0.027814083219536 -0.0483354707298538 0.0583007510460383
0.0978736774580373 0.0771905837646736 0.0871917142701469 -0.0329189079606841 0.133300763407612 0.125051577539444 0.181664872698522 0.00686574097992229
0.0506181234930905 0.0741398734342661 0.0651997499254351 -0.0278140832195361 0.125051577539444 0.0317305491783752 0.0764583335490236 0.0446298728464127
0.0632533434377167 0.0867046848384384 0.0997686378442355 -0.0483354707298538 0.181664872698522 0.0764583335490236 0.135782950166352 -0.0176382279982121
-0.0144476857298126 0.0754998332637104 0.0429166169751363 0.0583007510460383 0.00686574097992228 0.0446298728464127 -0.0176382279982121 0.0977195351826145
