0.0670599251707353 -0.0755125662099532 -0.105060530694648 -0.054684326655333 0.0678291649764232 0.014167987474842 0.00210492704376643 -0.0564384098518384
-0.0755125662099532 0.145989674978744 0.216713872110162 0.0642472403309265 -0.0431817658198324 0.0302061348716635 0.0314185609558032 0.120470513859855
-0.105060530694648 0.216713872110162 0.293222691644165 0.0787148526370764 -0.0669773173527462 0.0268136489046326 0.0577226182626494 0.156828209824747
-0.054684326655333 0.0642472403309265 0.0787148526370764 0.0825277034262678 -0.0509196062858121 -0.0196211066751514 -0.0178159581753127 0.0727959348228115
0.0678291649764232 -0.0431817658198324 -0.0669773173527462 -0.0509196062858121 -0.0187351472430369 -0.0140638399482737 0.0556980357430849 -0.0447613794406054
0.014167987474842 0.0302061348716635 0.0268136489046326 -0.0196211066751514 -0.0140638399482738 0.0268738673308122 -0.0436394503260555 0.0201928839598872
0.00210492704376643 0.0314185609558032 0.0577226182626494 -0.0178159581753127 0.0556980357430849 -0.0436394503260555 0.0637842846773423 -0.0165617188323326
-0.0564384098518384 0.120470513859855 0.156828209824747 0.0727959348228115 -0.0447613794406054 0.0201928839598872 -0.0165617188323326 0.0872462472707443
