0.0685297794833691 -0.055738336764084 -0.0630924428357133 -0.0497522139892919 0.0648218575311402 0.0263838935418106 0.00380790211069603 -0.066921158473856
-0.055738336764084 0.0898187481083505 0.125298421419686 0.0366568283887137 -0.000212219363994345 0.0195228839132179 0.0533568750026203 0.103331013719038
-0.0630924428357133 0.125298421419686 0.187870710436164 -0.00970553487007981 -0.00405167407683513 0.037810194185828 0.10786788819635 0.09916744884623
-0.0497522139892919 0.0366568283887137 -0.00970553487007981 0.104953517034765 -0.00245060685779773 -0.0331939322912587 -0.00269067099469983 0.088994075364039
0.0648218575311402 -0.000212219363994347 -0.00405167407683513 -0.00245060685779773 -0.00122055531471601 0.0378858710275071 0.0403283630389027 0.0236274413789141
0.0263838935418106 0.0195228839132179 0.037810194185828 -0.0331939322912587 0.0378858710275071 -0.00622986896091035 0.00603785160342624 0.0103447549237627
0.00380790211069603 0.0533568750026203 0.10786788819635 -0.00269067099469983 0.0403283630389027 0.00603785160342624 0.165962053533772 0.0321641857000203
-0.066921158473856 0.103331013719038 0.09916744884623 0.088994075364039 0.0236274413789141 0.0103447549237627 0.0321641857000203 0.109586378048751
