0.109760832664009 -0.112534973409032 -0.0854803420694214 -0.0788762973528979 0.0985339798470111 0.0374462349976397 -0.0775113088287606 -0.0603957043909593
-0.112534973409032 0.1546938963808 0.132137502508079 0.0495546307259292 -0.0432234601429631 -0.0189008616971735 0.122044947670433 0.0630263130175991
-0.0854803420694214 0.132137502508079 0.12867004070403 0.0654825797995086 -0.0424832199554617 0.000228226835779162 0.133165169830266 0.0618762073318805
-0.0788762973528979 0.0495546307259292 0.0654825797995086 0.136123451068618 -0.0355562440461593 -0.0474641688109909 0.0756873420917593 0.0510613864496193
0.0985339798470111 -0.0432234601429631 -0.0424832199554617 -0.0355562440461593 0.0535368754672546 0.00153149838102288 0.0176133582625182 -0.036287272985994
0.0374462349976397 -0.0189008616971735 0.000228226835779155 -0.0474641688109909 0.00153149838102288 -0.0112016986883463 -0.0337004058438059 -0.00456186709021997
-0.0775113088287606 0.122044947670433 0.133165169830266 0.0756873420917593 0.0176133582625182 -0.0337004058438059 0.117143364391829 0.0504027561234812
-0.0603957043909593 0.0630263130175991 0.0618762073318805 0.0510613864496193 -0.036287272985994 -0.00456186709021997 0.0504027561234812 0.0197298652033724
