0.129359473731681 -0.101407321699369 -0.0818796413920129 -0.0952495093971898 0.0619674072835993 -0.00375266044705592 0.00788021772690803 -0.101678496298816
-0.101407321699369 0.110407929293277 0.103960087619992 0.0694143816170479 -0.00848250371409415 0.0347960396874018 0.0382917212343589 0.106749478699185
-0.0818796413920129 0.103960087619992 0.113888164167058 0.0126429671179991 -0.00141546360640537 0.0266673389261657 0.124686272986662 0.0513812025988193
-0.0952495093971898 0.0694143816170479 0.0126429671179991 0.180687723937174 -0.0313108433928953 -0.0146239730854799 -0.075927602971536 0.151831666491878
0.0619674072835993 -0.00848250371409415 -0.00141546360640537 -0.0313108433928953 -0.0493502099248662 -0.0130586874840315 0.0796723437705275 -0.0374352598529681
-0.00375266044705592 0.0347960396874018 0.0266673389261657 -0.0146239730854799 -0.0130586874840315 -0.0331401306668745 0.00389753794296208 0.032898717047845
0.00788021772690803 0.0382917212343589 0.124686272986662 -0.075927602971536 0.0796723437705275 0.00389753794296209 0.195837207898803 -0.0598550386116739
-0.101678496298816 0.106749478699185 0.0513812025988193 0.151831666491878 -0.0374352598529681 0.032898717047845 -0.0598550386116739 0.146360591861391
