0.0892292803041581 -0.0784721110213482 -0.0539563233995452 -0.0378153403954812 0.093515370025729 0.0443009452610166 0.0260514838930266 -0.0590879936243088
-0.0784721110213482 0.0956042708227509 0.0914950442509818 0.0524930206419441 -0.0685965217807559 -0.0105035053234949 0.00863676346614193 0.0842794843500947
-0.0539563233995452 0.0914950442509818 0.0696410547490564 0.0262053501235535 -0.077576642153098 0.0249290280592553 -0.000219268746930326 0.0694715035529079
-0.0378153403954812 0.0524930206419441 0.0262053501235535 0.0850634555670031 -0.0168515288372265 -0.0503749808940655 -0.0309541994995473 0.089350552475266
0.093515370025729 -0.0685965217807559 -0.077576642153098 -0.0168515288372265 0.0294564740599713 -0.00778905253910578 0.0574068757680908 -0.059999304340849
0.0443009452610166 -0.0105035053234949 0.0249290280592553 -0.0503749808940655 -0.00778905253910578 0.043521008457207 -0.00408740705124333 -0.00503102837950735
0.0260514838930266 0.00863676346614193 -0.000219268746930329 -0.0309541994995473 0.0574068757680908 -0.00408740705124333 0.0876267919307526 -0.0290117750418108
-0.0590879936243088 0.0842794843500947 0.0694715035529079 0.089350552475266 -0.059999304340849 -0.00503102837950734 -0.0290117750418108 0.0946430519649588
