0.0658155756085354 -0.0499307285315349 -0.044463621042161 -0.0302812285948869 0.0506144816602951 0.0380592568135039 0.051138885068001 -0.0690052775408138
-0.0499307285315349 0.0613687032306315 0.0620806746032599 0.00529025868981512 -0.00773605779493945 -0.00517260416237187 -0.00895466438352552 0.0368260444437296
-0.044463621042161 0.0620806746032599 0.0714182515855039 0.0170780336059395 -0.000723596910400785 0.0106131626442959 0.0539667161249069 0.0304677659447478
-0.0302812285948869 0.00529025868981512 0.0170780336059395 0.0662854406690374 -0.0183695966943278 -0.00742913285332096 0.00325135216426812 0.0505788757549053
0.0506144816602951 -0.00773605779493946 -0.000723596910400787 -0.0183695966943278 -0.0920382264199748 0.0387790513177003 0.066501884740651 -0.0379093546728436
0.0380592568135039 -0.00517260416237187 0.0106131626442959 -0.00742913285332096 0.0387790513177003 -0.018810056675758 0.0647683098919953 -0.025038597091513
0.051138885068001 -0.00895466438352552 0.0539667161249069 0.00325135216426812 0.066501884740651 0.0647683098919953 0.120885284817879 -0.0411798962107654
-0.0690052775408138 0.0368260444437296 0.0304677659447478 0.0505788757549053 -0.0379093546728436 -0.025038597091513 -0.0411798962107654 0.0575220277183153
