0.067336828294855 -0.0596260528235269 -0.0429781652543972 -0.0377541050059885 0.0528117911218683 0.0251333752790666 0.0395016889631345 -0.0483688395448526
-0.0596260528235269 0.093270180470278 0.0905594982139405 0.043783218321907 -0.0200882294697395 0.00798446664942668 0.00792772102035436 0.071071593882107
-0.0429781652543972 0.0905594982139405 0.082554704808661 0.00347729792695409 -0.0306960799301048 0.032907923968965 0.042821864428766 0.0464616258734339
-0.0377541050059885 0.043783218321907 0.00347729792695409 0.12393823084709 -0.0212667881437138 -0.0245809430159751 -0.0275412349773453 0.0973952799202195
0.0528117911218683 -0.0200882294697395 -0.0306960799301048 -0.0212667881437138 -0.0185391623355961 -0.0231233964232143 0.0630737347218055 -0.0295921129770398
0.0251333752790666 0.00798446664942668 0.032907923968965 -0.0245809430159751 -0.0231233964232143 0.0147809159946533 -0.0177844055549239 0.0136348448725018
0.0395016889631345 0.00792772102035435 0.042821864428766 -0.0275412349773453 0.0630737347218055 -0.0177844055549239 0.0918151344232298 -0.0322062648784947
-0.0483688395448526 0.071071593882107 0.0464616258734339 0.0973952799202195 -0.0295921129770398 0.0136348448725018 -0.0322062648784947 0.0777607090670409
