0.114497385223584 -0.0616843342661227 -0.00912827336217149 -0.00930580060224201 0.116793873663457 0.0800499422247159 0.130470837487861 -0.0836077105939621
-0.0616843342661227 0.066241585616488 0.0408838276373242 -0.0122407309782289 -0.0268345997826815 -0.00701747678510262 -0.0379209054075095 0.0489844586049348
-0.00912827336217149 0.0408838276373242 0.047029271719949 -0.00248507713218083 -0.00971183226752241 0.0274984256662288 0.0553251971535257 6.35161887844324e-05
-0.00930580060224201 -0.0122407309782289 -0.00248507713218083 0.0483058338757941 -0.00283724205727953 -0.0294124459091134 0.0124582680963896 0.0318857578620902
0.116793873663457 -0.0268345997826815 -0.00971183226752241 -0.00283724205727953 0.0783080623222599 0.0716997008884266 0.127236453543792 -0.0642099023030898
0.0800499422247159 -0.00701747678510262 0.0274984256662288 -0.0294124459091134 0.0716997008884266 0.0278536568428076 0.0706152349381287 -0.0589269367486094
0.130470837487861 -0.0379209054075095 0.0553251971535257 0.0124582680963896 0.127236453543792 0.0706152349381287 0.267795263084825 -0.0375781636868226
-0.0836077105939621 0.0489844586049348 6.3516188784431e-05 0.0318857578620902 -0.0642099023030898 -0.0589269367486094 -0.0375781636868226 0.0641970360911752
