0.102078151989506 -0.0704815393974278 -0.0882693606649831 -0.0515203314806282 0.0749028562852305 0.0543035365598745 0.0100595250168026 -0.08225291843049
-0.0704815393974278 0.122616199288157 0.155196932205933 0.019179793850962 -0.0122002526393728 0.0185110144585389 0.0599296436190953 0.0785641894501195
-0.0882693606649831 0.155196932205933 0.200283649659508 -0.00255981803183674 -0.00255561828332064 0.0232179012929457 0.114937938624432 0.10856559642744
-0.0515203314806282 0.019179793850962 -0.00255981803183674 0.08781661747967 -0.0550159331775627 -0.0561983923598683 -0.00378379862111608 0.0464260625499399
0.0749028562852305 -0.0122002526393728 -0.00255561828332065 -0.0550159331775627 -0.0193836077861014 0.0382995274916172 0.111176099002155 -0.0316829884696877
0.0543035365598745 0.0185110144585389 0.0232179012929457 -0.0561983923598683 0.0382995274916172 0.0160322625090289 -0.0114631643250346 -0.0146333123968636
0.0100595250168026 0.0599296436190953 0.114937938624432 -0.00378379862111607 0.111176099002155 -0.0114631643250346 0.216218118054886 -0.00482171338321402
-0.08225291843049 0.0785641894501195 0.10856559642744 0.0464260625499399 -0.0316829884696877 -0.0146333123968636 -0.00482171338321402 0.0879629072832648
