0.101699747800197 -0.0964865955030931 -0.030684966217178 -0.0282806823996639 0.0464657998613757 0.038122769443594 0.0372645725211573 -0.103490843788797
-0.0964865955030931 0.111520749215698 0.0629904269979489 0.00858097260398538 -0.0298934293209549 -0.0207384248402401 -0.0324088289567115 0.118862958735284
-0.030684966217178 0.0629904269979489 0.0705835632160785 -0.0402386955070556 0.00580889753544387 0.0102667429992574 0.0516486784501537 0.017937118948269
-0.0282806823996639 0.00858097260398538 -0.0402386955070556 0.0610878021393609 -0.0201042926618696 -0.0285853850265443 -0.024566884080926 0.0563859820045457
0.0464657998613757 -0.0298934293209549 0.00580889753544387 -0.0201042926618696 0.0120040345184174 0.0193359791943509 0.0468702695056736 -0.0371408908985782
0.038122769443594 -0.0207384248402401 0.0102667429992574 -0.0285853850265443 0.0193359791943509 -0.0273100875917167 0.016887105184155 -0.0297783733634111
0.0372645725211573 -0.0324088289567115 0.0516486784501537 -0.024566884080926 0.0468702695056736 0.016887105184155 0.0158666290802853 -0.0759611362752418
-0.103490843788797 0.118862958735284 0.017937118948269 0.0563859820045457 -0.0371408908985782 -0.0297783733634111 -0.0759611362752418 0.126486068485339
