0.0362478293594335 -0.0315046093778539 -0.00581541764159662 -0.0312424893103216 0.0183496963070475 0.0260192257230039 0.000867655700605675 -0.0475519468470174
-0.0315046093778539 0.0559072316820743 0.0343914490954813 -0.00435546321632083 0.0500181793046138 -0.014388715661673 0.0101283628154382 0.0430135614922727
-0.00581541764159662 0.0343914490954813 0.0368962213405913 -0.0395324782126277 0.0314183200688552 0.0104776526896523 0.0357123330378315 -0.00106686438829288
-0.0312424893103216 -0.00435546321632083 -0.0395324782126277 0.0499471672008054 -0.0428750786290832 -0.0203814334516622 -0.0113896985971161 0.0189684040717191
0.0183496963070475 0.0500181793046138 0.0314183200688552 -0.0428750786290832 0.0348927947956165 0.0141576649669243 -0.00655940024382745 0.0148008749821482
0.0260192257230039 -0.014388715661673 0.0104776526896523 -0.0203814334516622 0.0141576649669243 -0.0186047953723841 0.00298699965214492 -0.00887472962724729
0.000867655700605675 0.0101283628154382 0.0357123330378315 -0.011389698597116 -0.00655940024382746 0.00298699965214491 0.109468041860685 -0.0374705423275608
-0.0475519468470174 0.0430135614922727 -0.00106686438829289 0.0189684040717191 0.0148008749821482 -0.00887472962724729 -0.0374705423275608 0.0467279261178483
