0.0848472100499114 -0.103864852494241 -0.0608583206452075 -0.0650248323154517 0.0323641307087583 0.033601508133138 -0.0603582368796927 -0.0892144541771511
-0.103864852494241 0.189984740809201 0.151126475877521 0.106369912513642 -0.0309690582820824 0.0110265262323263 0.138807328944151 0.146759912372332
-0.0608583206452075 0.151126475877521 0.129248267415435 0.0422351285040019 -0.0549577172134545 0.0337473894421885 0.128995592483641 0.0797001450413508
-0.0650248323154517 0.106369912513642 0.0422351285040019 0.112337433194254 -0.014572008888903 -0.0471869560457907 0.0531587001622702 0.110544081064033
0.0323641307087583 -0.0309690582820824 -0.0549577172134545 -0.014572008888903 -0.0747831668430489 0.00123172895437841 0.00435529007801608 -0.0190896566322335
0.033601508133138 0.0110265262323263 0.0337473894421885 -0.0471869560457907 0.00123172895437842 0.0529688147034526 -0.0526632316900616 -0.00702388241479291
-0.0603582368796927 0.138807328944151 0.128995592483641 0.0531587001622702 0.00435529007801609 -0.0526632316900616 0.205213175624753 0.0361441880171147
-0.0892144541771511 0.146759912372332 0.0797001450413508 0.110544081064033 -0.0190896566322335 -0.00702388241479291 0.0361441880171147 0.115424161181134
