0.118829826330687 -0.0646080089365093 -0.0609232020733809 -0.0373294775123882 0.127858092889449 0.0476574100991651 0.102691679356931 -0.125929972758329
-0.0646080089365093 0.0606737106362867 0.064306035099025 0.035210771269882 -0.062649040004303 -0.00325754493926783 -0.0397293725658101 0.0695310592472544
-0.0609232020733809 0.064306035099025 0.0962108672873879 0.0165577532862471 -0.10247613539867 0.00673890250142128 0.0391226726264253 0.0561325457137486
-0.0373294775123882 0.035210771269882 0.0165577532862471 0.112226632894254 -0.0695996912942397 -0.00818178472308156 -0.0675874462240072 0.0811807687579376
0.127858092889449 -0.062649040004303 -0.10247613539867 -0.0695996912942397 0.0750541060446734 0.030639671659084 0.126313942042056 -0.132534609977958
0.0476574100991651 -0.00325754493926783 0.00673890250142128 -0.00818178472308156 0.030639671659084 -0.00667836593485217 0.0271339865100666 -0.040192596217063
0.102691679356931 -0.0397293725658101 0.0391226726264253 -0.0675874462240072 0.126313942042056 0.0271339865100666 0.183789647138304 -0.142669016824499
-0.125929972758329 0.0695310592472544 0.0561325457137486 0.0811807687579376 -0.132534609977958 -0.040192596217063 -0.142669016824499 0.139403398002572
