0.0722734928932436 -0.081049688480589 -0.0845427971809739 -0.0327263738195178 0.0604321245650578 0.0386423198462524 -0.0681677859020405 -0.0446614785008965
-0.081049688480589 0.152767472967323 0.167555315885731 0.0113605428140054 -0.0432324074511025 0.00973534921007346 0.165313264034098 0.0408301379874939
-0.0845427971809739 0.167555315885731 0.174351693835833 -0.0294456321570934 -0.0311317777688116 -0.00434083534118164 0.217974981979195 0.0174085417735998
-0.0327263738195178 0.0113605428140054 -0.0294456321570934 0.164891573409499 -0.0160126537445349 -0.0160347638264337 -0.0208497204927452 0.0795681050193842
0.0604321245650578 -0.0432324074511025 -0.0311317777688116 -0.0160126537445349 -0.0179850905580684 0.0140942355246867 0.0654353152546697 0.0141610910626473
0.0386423198462524 0.00973534921007347 -0.00434083534118164 -0.0160347638264337 0.0140942355246867 -0.0123181313231054 -0.0495599022683123 0.0105117288834406
-0.0681677859020405 0.165313264034098 0.217974981979195 -0.0208497204927452 0.0654353152546697 -0.0495599022683123 0.296762812737299 0.0176513565288878
-0.0446614785008965 0.0408301379874939 0.0174085417735998 0.0795681050193842 0.0141610910626473 0.0105117288834406 0.0176513565288878 0.0563644581393516
