0.148702970371036 -0.125653775384635 -0.064008339688659 -0.0565421338943515 0.137022333797658 0.0527825636829686 0.127040674525715 -0.108198488129768
-0.125653775384635 0.163207772657715 0.111761376980856 0.0556933901660227 -0.073520420180032 -0.0161128124113155 -0.0674102784984581 0.11950666469677
-0.064008339688659 0.111761376980856 0.0898672382431607 0.0295393086164864 -0.0475312323429018 0.00292085219088934 -0.020969792686147 0.0601060132202656
-0.0565421338943515 0.0556933901660227 0.0295393086164864 0.0692111634126502 -0.0452425225128821 -0.0197462029954845 -0.0638586908657733 0.0851429261143145
0.137022333797658 -0.073520420180032 -0.0475312323429018 -0.0452425225128821 0.0464074994126245 0.0698121174016196 0.156630494931753 -0.0738152990729199
0.0527825636829686 -0.0161128124113155 0.00292085219088935 -0.0197462029954845 0.0698121174016196 -0.01756430686899 0.0490981394400239 -0.0157820756822055
0.127040674525715 -0.0674102784984581 -0.020969792686147 -0.0638586908657733 0.156630494931753 0.0490981394400239 0.158008764068626 -0.0996185753460152
-0.108198488129768 0.11950666469677 0.0601060132202656 0.0851429261143145 -0.0738152990729199 -0.0157820756822055 -0.0996185753460152 0.102116791207008
