0.0885789865162359 -0.0382443442859227 -0.0706161287087918 -0.0386259127440274 0.0375156746905543 0.0566389500369044 -0.0295593264173587 -0.0750283692559069
-0.0382443442859227 0.0564229454433085 0.0662460070645289 0.0299158399201343 -0.00965410435714792 -0.0078532619764189 0.00581018990928184 0.0560484807987733
-0.0706161287087918 0.0662460070645289 0.0965360717838753 0.0460024074098843 -0.0407524612577036 -0.00461444336791137 0.0607796891634905 0.0753966381961856
-0.0386259127440274 0.0299158399201343 0.0460024074098843 0.0455069067094432 -0.0217757941779859 -0.00851760775876923 0.00422829953460534 0.0624389342354711
0.0375156746905543 -0.00965410435714792 -0.0407524612577036 -0.0217757941779859 0.00969887959029883 -0.0268691083103615 0.068473289561796 -0.0330939926663992
0.0566389500369044 -0.0078532619764189 -0.00461444336791137 -0.00851760775876924 -0.0268691083103615 0.0167644589106429 -0.0374062936732103 -0.0141973898274498
-0.0295593264173587 0.00581018990928184 0.0607796891634905 0.00422829953460534 0.068473289561796 -0.0374062936732103 0.0405490613163817 0.0188724550568176
-0.0750283692559069 0.0560484807987733 0.0753966381961856 0.0624389342354711 -0.0330939926663992 -0.0141973898274498 0.0188724550568176 0.0810830851606246
