0.125811378052096 -0.0957251297860443 -0.0748191445725863 -0.0936290564059066 0.0928168094569779 0.0476087821382888 0.00419830079811551 -0.119477974661999
-0.0957251297860443 0.102867267507785 0.0938046937280438 0.0761100681538819 -0.09246558551087 -0.0066808190842437 -0.0126121343165713 0.105408658260899
-0.0748191445725863 0.0938046937280438 0.0915469302832823 0.0307216461700842 -0.0403928224900831 0.0105526768983518 0.0816419585677039 0.0754406135251336
-0.0936290564059066 0.0761100681538819 0.0307216461700842 0.106744472145683 -0.104979068015076 -0.0383600224075443 -0.0271328055492534 0.100554362842307
0.0928168094569779 -0.09246558551087 -0.0403928224900831 -0.104979068015076 0.075797169563416 0.0160267286079619 0.0692349151090151 -0.087798661654068
0.0476087821382888 -0.0066808190842437 0.0105526768983518 -0.0383600224075443 0.0160267286079619 -0.00704840575069143 0.00394515777238159 -0.0132008162012731
0.0041983007981155 -0.0126121343165713 0.0816419585677039 -0.0271328055492534 0.0692349151090151 0.00394515777238159 0.126803925251186 -0.0366854672991976
-0.119477974661999 0.105408658260899 0.0754406135251336 0.100554362842307 -0.087798661654068 -0.0132008162012731 -0.0366854672991976 0.12874648045694
