0.0548684484662189 -0.0169689447971383 -0.0224927192211993 0.00869489694122566 0.0394995384021269 0.0265574153080454 -0.00146426352478424 -0.0398572472900172
-0.0169689447971383 0.0275669554484967 0.0563329096422243 -0.0142839564733324 -0.000784585006486941 -0.000175658419862673 0.0294580468771567 0.0234849181063017
-0.0224927192211993 0.0563329096422243 0.0702938163330667 -0.0488558951651338 0.0034904282238154 0.00852067091753921 0.0483185325225554 0.0358562732122581
0.00869489694122566 -0.0142839564733324 -0.0488558951651338 0.07562354293412 0.0178174588105879 -0.0033625116912335 -0.00113700584968111 0.018143473541912
0.0394995384021269 -0.00078458500648694 0.00349042822381539 0.0178174588105879 -0.0334485604418361 0.0258383994098024 0.0369482540368262 -0.0198022799300572
0.0265574153080454 -0.000175658419862678 0.00852067091753921 -0.00336251169123349 0.0258383994098024 0.00432372707899968 -0.00933816920961954 -0.00657090700245603
-0.00146426352478424 0.0294580468771567 0.0483185325225554 -0.00113700584968111 0.0369482540368262 -0.00933816920961954 0.0301464614114807 0.0126225890201246
-0.0398572472900172 0.0234849181063017 0.0358562732122581 0.018143473541912 -0.0198022799300572 -0.00657090700245603 0.0126225890201246 0.0293365229000646
