0.116857489060549 -0.0435221911799491 -0.0327004092905488 -0.0287093669940327 0.0942564967668401 0.0584847630515677 0.0968401319604244 -0.068265815197373
-0.0435221911799491 0.185085159887496 0.15879972257066 -0.0633845561585561 0.0499054869860624 0.0662964102063813 0.0311253670083952 0.0710621250452533
-0.0327004092905488 0.15879972257066 0.151606200342721 -0.0754946181059243 0.0234289953792565 0.0534380060249378 0.0922310402369136 0.0616313055385984
-0.0287093669940327 -0.0633845561585561 -0.0754946181059243 0.134662580503709 -0.0278586282365132 -0.0586078478886869 -0.0495105296864119 0.0277127808964101
0.0942564967668401 0.0499054869860624 0.0234289953792565 -0.0278586282365132 0.0675587222186884 0.105382347506047 0.0987099392070506 -0.0138035176524616
0.0584847630515677 0.0662964102063813 0.0534380060249378 -0.0586078478886869 0.105382347506047 0.0356721517893981 0.0608124196267555 0.0092260529655068
0.0968401319604244 0.0311253670083952 0.0922310402369136 -0.0495105296864119 0.0987099392070506 0.0608124196267555 0.15886293536376 -0.0559524075623579
-0.068265815197373 0.0710621250452532 0.0616313055385984 0.0277127808964101 -0.0138035176524616 0.0092260529655068 -0.0559524075623579 0.0795410248601112
