0.0682470526878068 -0.015284678575675 -0.00886722102425791 -0.00248667544137073 0.108909840761775 0.0519846504084666 0.0590150875954128 -0.0176370462378704
-0.015284678575675 0.0645494645901303 0.0546443672713501 0.0110086445581048 -0.0123893899180238 0.0173264843948461 0.0181585230708856 0.0456348623546603
-0.00886722102425791 0.0546443672713501 0.0528670992732444 0.0166388235434424 0.0137149623301493 0.0118353431107606 0.0367772739512871 0.0427540753064101
-0.00248667544137073 0.0110086445581048 0.0166388235434424 0.0534910084539744 0.0396818839563514 -0.013065149999361 0.0548979948180452 0.0223840041510532
0.108909840761775 -0.0123893899180238 0.0137149623301493 0.0396818839563514 0.138051190881331 0.0591612403476206 0.166552657359598 0.00438026576212212
0.0519846504084666 0.0173264843948461 0.0118353431107606 -0.013065149999361 0.0591612403476206 -0.00686867399733366 0.031074625299567 0.00656941590863724
0.0590150875954128 0.0181585230708856 0.0367772739512871 0.0548979948180452 0.166552657359598 0.031074625299567 0.131771205851658 -7.56775353548377e-05
-0.0176370462378704 0.0456348623546603 0.0427540753064101 0.0223840041510532 0.00438026576212212 0.00656941590863724 -7.56775353548331e-05 0.0402851916370892
