0.114840223671337 -0.0717158083800478 -0.0754861394856888 -0.01386307585855 0.0514990159363809 0.0307880681031729 -0.0907959529520004 -0.110336116328725
-0.0717158083800478 0.075955511666445 0.100048984844546 0.0151087964377005 0.0116639277163657 0.00805867292165799 0.102980387208622 0.0640008808347737
-0.0754861394856888 0.100048984844546 0.15672500607764 -0.024419379103397 -0.00359580597555909 0.0427189137131442 0.159299993398765 0.0709721206692923
-0.01386307585855 0.0151087964377005 -0.024419379103397 0.133232016032279 -0.00170547877727893 -0.0615355127080406 -0.0264319755348736 0.0128643796988689
0.0514990159363809 0.0116639277163657 -0.00359580597555909 -0.00170547877727893 -0.0318160944192048 0.0217158795925483 0.0767319904511598 -0.0471629884225455
0.0307880681031729 0.00805867292165799 0.0427189137131442 -0.0615355127080406 0.0217158795925483 0.00893292241669593 0.0160390160312059 0.00889420574704116
-0.0907959529520004 0.102980387208622 0.159299993398765 -0.0264319755348736 0.0767319904511598 0.0160390160312059 0.228817676709964 0.0783238696893056
-0.110336116328725 0.0640008808347737 0.0709721206692923 0.0128643796988689 -0.0471629884225455 0.00889420574704116 0.0783238696893056 0.132227092061547
