0.113022237650003 -0.124335215971954 -0.10382171074858 0.0431622123435389 0.0837881941485386 0.0386837350440155 0.0426434435268044 -0.0540775908927412
-0.124335215971954 0.169542307115479 0.180473461558843 -0.062745499604359 -0.0594630828297307 0.00266926228217391 0.00847011663376956 0.0670949467682591
-0.10382171074858 0.180473461558843 0.184684421397 -0.0505446541104558 -0.0445214368914388 0.018021205490606 0.107928551573144 0.0513180365139838
0.0431622123435389 -0.062745499604359 -0.0505446541104558 0.12230646523934 0.0434583626397767 -0.0436666093033655 0.0745713734942927 0.0124792199414533
0.0837881941485386 -0.0594630828297307 -0.0445214368914388 0.0434583626397767 0.0487369546478119 -0.0152158069187752 0.118904024615903 -0.00134983992389339
0.0386837350440155 0.00266926228217391 0.018021205490606 -0.0436666093033655 -0.0152158069187752 0.0197397095704366 -0.014119644778168 -0.0060827772805467
0.0426434435268044 0.00847011663376956 0.107928551573144 0.0745713734942927 0.118904024615903 -0.014119644778168 0.206808162958002 -0.00643408427001417
-0.0540775908927412 0.0670949467682591 0.0513180365139838 0.0124792199414533 -0.0013498399238934 -0.0060827772805467 -0.00643408427001417 0.0256247992769441
