0.0782568950143906 -0.0535198364969302 -0.0430771032258656 -0.0273800278562785 0.0714075858279758 0.0448138830555178 0.0550806174061655 -0.0682572338304036
-0.0535198364969302 0.0415549779323627 0.0595839401183733 0.0236627447467071 -0.0212201294484718 -0.011773462232038 -0.00938159496004234 0.0453619223106331
-0.0430771032258656 0.0595839401183733 0.0827312521120048 0.0142989669281252 -0.0123161720637052 -0.00468462713626608 0.01848622239309 0.0192028951101714
-0.0273800278562785 0.0236627447467071 0.0142989669281252 0.0178213021511051 0.00540676780057725 -0.0188217589176696 -0.00497571950084003 0.029294777867812
0.0714075858279758 -0.0212201294484718 -0.0123161720637052 0.00540676780057725 0.0616754762635401 0.0450259549866387 0.102916100029451 -0.0524743449742446
0.0448138830555178 -0.011773462232038 -0.00468462713626607 -0.0188217589176696 0.0450259549866387 -0.0192560379496505 0.0179108680552305 -0.0180908593290919
0.0550806174061655 -0.00938159496004233 0.0184862223930901 -0.00497571950084003 0.102916100029451 0.0179108680552305 0.110324211397764 -0.0743960695754153
-0.0682572338304036 0.0453619223106331 0.0192028951101714 0.029294777867812 -0.0524743449742446 -0.0180908593290919 -0.0743960695754153 0.0808186391392648
