0.0831487053785187 -0.0627480671295205 -0.0496031890901264 -0.0836961196055569 0.115131020288811 0.0355762795305993 0.0118705460543526 -0.101197045772956
-0.0627480671295205 0.134117036547162 0.188982642415713 0.0225293944088377 -0.0362002000679251 0.00190709114066148 0.150665932883152 0.0701131296157314
-0.0496031890901264 0.188982642415713 0.221622177290651 0.0105676948714526 -0.00450326004509624 0.0237698336259704 0.218638620434082 0.0591836002128645
-0.0836961196055569 0.0225293944088377 0.0105676948714526 0.142049760202664 -0.115051856687522 -0.0112033619375949 -0.0551686168404029 0.134433508908411
0.115131020288811 -0.0362002000679251 -0.00450326004509624 -0.115051856687522 0.0739046766210085 0.0652539231714341 0.0957106221436451 -0.13180163193298
0.0355762795305993 0.00190709114066148 0.0237698336259704 -0.0112033619375949 0.0652539231714341 0.0139031649165852 0.0183307031813007 0.00173482454304006
0.0118705460543526 0.150665932883152 0.218638620434082 -0.0551686168404029 0.0957106221436451 0.0183307031813007 0.261792954675727 -0.0350518042196913
-0.101197045772956 0.0701131296157314 0.0591836002128645 0.134433508908411 -0.13180163193298 0.00173482454304006 -0.0350518042196913 0.158559392339744
