0.0680260874898561 -0.0825640386102963 -0.0837917979886354 -0.0586219382946306 0.0993969221543368 0.0525565824515297 -0.0385973540304882 -0.0527388274782563
-0.0825640386102963 0.128724487728301 0.131168189716137 0.0520062757353738 -0.0742112636548402 -0.0384900139447072 0.11227138500022 0.0671583317402518
-0.0837917979886354 0.131168189716137 0.150882659459337 0.0442565932755749 -0.107397498354035 -0.0358041209942348 0.136206839104633 0.0632811843864955
-0.0586219382946306 0.0520062757353738 0.0442565932755749 0.131103478993977 -0.0724940767543892 -0.0497894524455512 -0.033344155561936 0.0556292249761597
0.0993969221543368 -0.0742112636548402 -0.107397498354035 -0.0724940767543892 0.00934271266925539 0.0447139661728097 -0.00390103426784847 -0.0668931641465284
0.0525565824515297 -0.0384900139447072 -0.0358041209942348 -0.0497894524455512 0.0447139661728097 -0.0251876035860911 -0.0490909467453278 -0.00480501421577743
-0.0385973540304882 0.11227138500022 0.136206839104633 -0.033344155561936 -0.00390103426784847 -0.0490909467453278 0.235845325461465 -0.024077222841909
-0.0527388274782563 0.0671583317402518 0.0632811843864955 0.0556292249761597 -0.0668931641465284 -0.00480501421577743 -0.024077222841909 0.0572314841604338
