0.0761186059995396 -0.064854076653824 -0.0600713507950586 -0.00103002467943694 0.0816672643008474 0.0256123077364447 0.0486243137940355 -0.0272078058958036
-0.064854076653824 0.0869163613772339 0.0954002885567833 0.00975648171295426 -0.0212425494520361 0.0219922120169692 0.0143225999975873 0.0501490134719592
-0.0600713507950586 0.0954002885567833 0.124806411646677 -0.0086793435305808 -0.045912040785683 0.043247077121445 0.042761238209076 0.0392014160593077
-0.00103002467943694 0.00975648171295426 -0.0086793435305808 0.0666536410362244 0.0277759314583456 -0.0168989635648535 -0.0325328676095523 0.0509794473137372
0.0816672643008474 -0.0212425494520361 -0.045912040785683 0.0277759314583456 0.049838874167694 0.0441984143625282 0.0167228243450311 -0.00412807088767965
0.0256123077364447 0.0219922120169692 0.043247077121445 -0.0168989635648535 0.0441984143625282 -0.00205345299141714 0.0411540265093488 -9.96348719667027e-05
0.0486243137940355 0.0143225999975873 0.042761238209076 -0.0325328676095523 0.0167228243450311 0.0411540265093488 0.0870836994517244 -0.00400290608128865
-0.0272078058958036 0.0501490134719592 0.0392014160593077 0.0509794473137372 -0.00412807088767965 -9.96348719667023e-05 -0.00400290608128865 0.017670619586195
