0.0202737068791053 -0.0214386126109388 -0.0110447506037776 -0.0236358302324561 0.0493799577776524 0.0160578858444375 0.00884930984474846 -0.0142059389462277
-0.0214386126109388 0.0784702104131468 0.0574870872563773 0.0113973299208718 -0.0188746502913826 0.00976495357425572 0.0299027555992063 0.0310557850178354
-0.0110447506037776 0.0574870872563773 0.0549455328064212 0.00491809999200767 0.022479897303965 0.0212361368737597 0.0458064525064853 0.0410801774903255
-0.0236358302324561 0.0113973299208718 0.00491809999200767 0.0964255341927595 -0.0150712615601772 -0.0174704571876732 0.0314173202422169 0.0384256166995382
0.0493799577776524 -0.0188746502913826 0.022479897303965 -0.0150712615601772 0.049160947368998 0.025990982910183 0.0177243729046831 0.0152803991248758
0.0160578858444375 0.00976495357425572 0.0212361368737597 -0.0174704571876732 0.025990982910183 -0.0221742885994307 0.0309142737887762 -0.000453244096608699
0.00884930984474846 0.0299027555992063 0.0458064525064853 0.0314173202422169 0.0177243729046831 0.0309142737887762 0.0400068291077623 0.0260035328662155
-0.0142059389462277 0.0310557850178354 0.0410801774903255 0.0384256166995382 0.0152803991248758 -0.0004532440966087 0.0260035328662155 0.0225840183143996
