0.102916711611079 -0.0134876138318093 0.0132878207252761 -0.0506944057300934 0.094827506244603 0.0642802249999526 0.121206365998681 -0.0865857585924912
-0.0134876138318093 0.0989160748747782 0.110692272530646 0.00748711341891576 0.0655486785881428 0.024859513106444 0.102701346507426 0.0491818766887938
0.0132878207252761 0.110692272530646 0.102194446400189 0.00303771329863578 0.0607913402635973 0.029920925457438 0.144935247947024 0.0363356429742931
-0.0506944057300934 0.00748711341891576 0.00303771329863578 0.0891679470048467 -0.0458055470124058 -0.0518298970482945 -0.0546518005817052 0.0599093258217876
0.094827506244603 0.0655486785881428 0.0607913402635973 -0.0458055470124058 0.00723915921680737 0.0621720311179152 0.16740043286215 -0.0491364884789826
0.0642802249999526 0.024859513106444 0.029920925457438 -0.0518298970482945 0.0621720311179152 -0.00253347285687281 0.06765847088427 -0.0370092212433346
0.121206365998681 0.102701346507426 0.144935247947024 -0.0546518005817052 0.16740043286215 0.06765847088427 0.243986398046087 -0.0622599791990829
-0.0865857585924912 0.0491818766887938 0.0363356429742931 0.0599093258217876 -0.0491364884789826 -0.0370092212433346 -0.0622599791990829 0.0858633642009505
