0.102494204027261 -0.095147172724288 -0.100325187629404 -0.0316744435025601 0.118041378434455 0.0415886343245225 0.0360163967875958 -0.0721878651499933
-0.095147172724288 0.127822904516555 0.119749806012979 0.0330954017133021 -0.056768364832113 -0.0123243021492998 0.0256444349737929 0.0738500264657472
-0.100325187629404 0.119749806012979 0.143006073544261 0.0107424914968327 -0.100137930938672 -0.0042632467292714 0.0496279062374961 0.0542168053864689
-0.0316744435025601 0.0330954017133021 0.0107424914968327 0.0740060350243497 -0.0391903630653137 -0.0228201553963472 -0.0492497217487264 0.0815575229953556
0.118041378434455 -0.056768364832113 -0.100137930938672 -0.0391903630653138 0.149650257844755 0.0656284654252288 0.111471214430901 -0.0550434871260397
0.0415886343245225 -0.0123243021492998 -0.00426324672927141 -0.0228201553963472 0.0656284654252288 -0.0296005700896934 0.0248036803785791 -0.0170336270375035
0.0360163967875958 0.0256444349737929 0.0496279062374961 -0.0492497217487264 0.111471214430901 0.0248036803785791 0.112780927821395 -0.0711849509051094
-0.0721878651499933 0.0738500264657472 0.0542168053864689 0.0815575229953556 -0.0550434871260397 -0.0170336270375035 -0.0711849509051094 0.0950369214658651
