0.0679388036487943 -0.0307065264729206 -0.0366520519269659 -0.00851845284473854 0.0599023648527556 0.0110784573111496 0.0637236390562374 -0.0361918438769369
-0.0307065264729206 0.0827072619370857 0.0611335313593986 0.0387086590016278 -0.00438369336354952 0.0160616683810758 0.00570726013588769 0.0519091406210253
-0.0366520519269659 0.0611335313593986 0.146147734631338 -0.0548484440206189 -0.046075913377016 0.0503863806365441 -0.0449569017457746 0.073749896904712
-0.00851845284473854 0.0387086590016278 -0.0548484440206189 0.112526309934866 0.00193394586131842 -0.0455643141599765 0.0210893643852745 0.0190764364533126
0.0599023648527556 -0.00438369336354953 -0.046075913377016 0.00193394586131842 0.00566853175348549 -0.0104346977954261 0.122340199541458 -0.0536583180527495
0.0110784573111496 0.0160616683810758 0.0503863806365441 -0.0455643141599765 -0.0104346977954261 0.00930617136068768 -0.0452703277866838 0.0332535211545738
0.0637236390562374 0.0057072601358877 -0.0449569017457746 0.0210893643852745 0.122340199541458 -0.0452703277866838 0.120750773804239 -0.0733583193373389
-0.0361918438769369 0.0519091406210253 0.073749896904712 0.0190764364533126 -0.0536583180527495 0.0332535211545738 -0.0733583193373389 0.0768146117047924
