0.0547554476399911 -0.0265697186096986 -0.0112182197775118 -0.0287944173014269 0.0912351662703842 0.0379925426995533 0.103714819257485 -0.0427312691120014
-0.0265697186096986 0.0263172276863492 0.0441980176015334 0.00852896433162637 0.00358444024135625 -0.00667936087286251 -0.0129897109770442 0.0404098179525888
-0.0112182197775118 0.0441980176015334 0.0503560836890267 -0.0232449120309079 0.0061096734646901 -0.00407516137227987 0.0415706039328166 0.0302525559401183
-0.0287944173014269 0.00852896433162637 -0.0232449120309079 0.0628781386468279 -0.0549262255232825 -0.0261306928173092 -0.0550416607425491 0.0465003421267609
0.0912351662703842 0.00358444024135625 0.0061096734646901 -0.0549262255232825 0.120463606398397 0.0700209784999028 0.172596231494812 -0.072480856479204
0.0379925426995533 -0.00667936087286251 -0.00407516137227987 -0.0261306928173092 0.0700209784999028 -0.00855833025305456 0.0480648274864825 -0.025361103698429
0.103714819257485 -0.0129897109770442 0.0415706039328166 -0.0550416607425491 0.172596231494812 0.0480648274864825 0.279746201958153 -0.0330599897433296
-0.0427312691120014 0.0404098179525888 0.0302525559401183 0.0465003421267609 -0.072480856479204 -0.025361103698429 -0.0330599897433296 0.0597522755555598
