0.07960363819085 -0.0859473238849141 -0.0680644682101759 -0.0504550341082665 0.0597813583294583 0.0410279341326784 0.00360682006722658 -0.0980762753339491
-0.0859473238849141 0.13687592089398 0.10666349240258 0.0339793560697248 0.0043009229914414 -0.0162901839665258 0.0354506441032025 0.10713795148172
-0.0680644682101759 0.10666349240258 0.0730139363379435 0.0249183950081359 -0.0355686017589376 0.000315457077688088 0.0280596898631517 0.0755407799399728
-0.0504550341082665 0.0339793560697248 0.0249183950081359 0.124296715062033 -0.0741141432612457 -0.0664605461780634 0.00380817839376865 0.10049878631291
0.0597813583294583 0.00430092299144139 -0.0355686017589376 -0.0741141432612458 0.0668058575460457 0.0239995853807957 0.0487349993471096 -0.049724709152002
0.0410279341326784 -0.0162901839665258 0.000315457077688084 -0.0664605461780634 0.0239995853807957 0.0380431016782892 -0.0769372779817618 -0.031193795761023
0.00360682006722658 0.0354506441032025 0.0280596898631517 0.00380817839376864 0.0487349993471096 -0.0769372779817618 0.139405957217504 -0.0136249429451202
-0.0980762753339491 0.10713795148172 0.0755407799399728 0.10049878631291 -0.049724709152002 -0.031193795761023 -0.0136249429451202 0.135437456535249
