0.0453306304715113 -0.0339807584553534 -0.017334308723911 -0.031640668098679 0.0384202155043349 0.0350281927126223 0.0496185712252203 -0.0656527397445674
-0.0339807584553534 0.0512018293248783 0.0459686942824491 -0.00879531567260506 0.000772546153644894 -0.00678737187619825 -0.0078726822253483 0.0395358896108774
-0.017334308723911 0.0459686942824491 0.039331210292049 -0.0272001453173677 -0.000570085326730683 0.0110961803417278 0.0169122316279299 0.00182536015545008
-0.031640668098679 -0.00879531567260506 -0.0272001453173677 0.0842972907450407 -0.0360354112839232 -0.0362183648240665 -0.0149874569674541 0.0885185010494239
0.0384202155043349 0.000772546153644895 -0.000570085326730686 -0.0360354112839232 -0.0499498315906874 0.0310353153459535 0.05344186750949 -0.0481503634929429
0.0350281927126223 -0.00678737187619825 0.0110961803417278 -0.0362183648240665 0.0310353153459535 0.013430817660777 0.0194659904042567 -0.0574936532251483
0.0496185712252203 -0.00787268222534829 0.0169122316279299 -0.0149874569674541 0.05344186750949 0.0194659904042567 0.130615076971684 -0.0703875315129644
-0.0656527397445674 0.0395358896108774 0.00182536015545009 0.0885185010494239 -0.0481503634929429 -0.0574936532251483 -0.0703875315129644 0.100096737635966
