0.0546553546296384 -0.00953193516128391 0.018973240086343 -0.0324644831310081 0.0741365889987744 0.043976100014568 0.0661555164428143 -0.0480457009753519
-0.00953193516128391 0.056846747596817 0.0451782214706492 -0.0278008986669019 -0.00850456380495547 0.0599880611825477 0.0151255885018101 0.0466088664791128
0.018973240086343 0.0451782214706492 0.0614929185079186 -0.0345805016651996 0.0110110884948018 0.0435870043908846 0.0756049206610098 0.00759497124421842
-0.0324644831310081 -0.0278008986669019 -0.0345805016651996 0.0878227860622227 -0.0445943497524927 -0.0732350723495918 -0.0398007710279395 0.0458117416593427
0.0741365889987744 -0.00850456380495547 0.0110110884948018 -0.0445943497524927 0.0201849153350195 0.0786424592133274 0.0840231979576879 -0.060315401364112
0.043976100014568 0.0599880611825477 0.0435870043908846 -0.0732350723495918 0.0786424592133274 0.0617407385041688 0.0700272540556593 -0.0101005558859021
0.0661555164428143 0.0151255885018101 0.0756049206610098 -0.0398007710279395 0.0840231979576879 0.0700272540556593 0.0664327982317229 -0.0532880363112411
-0.0480457009753519 0.0466088664791128 0.00759497124421842 0.0458117416593427 -0.060315401364112 -0.0101005558859021 -0.0532880363112411 0.0740672455105733
