0.0296337321925561 -0.0260766719545596 -0.0142905102771002 -0.0144805426417157 0.0597894738962085 0.0249221408171263 0.0209256910550241 -0.0245519047786462
-0.0260766719545596 0.051384162183163 0.0419079906528641 0.0108087327062919 -0.0109328511396492 -0.00043821444773193 -0.00455512521566342 0.0435037433002657
-0.0142905102771002 0.0419079906528641 0.0230703562116456 -0.00606895939089046 -0.00185596695653072 0.0191723483921013 -0.0112678895703366 0.037327357746678
-0.0144805426417157 0.0108087327062919 -0.00606895939089046 0.0760525432779286 -0.0277277417623344 -0.0276242691487671 0.00758993332816321 0.047999297280678
0.0597894738962085 -0.0109328511396492 -0.00185596695653072 -0.0277277417623344 0.0130529301652305 0.0381986337660604 0.0610055494940699 -0.0198433231991162
0.0249221408171263 -0.000438214447731929 0.0191723483921013 -0.0276242691487671 0.0381986337660604 -0.0058328109423716 -0.0429164458544933 0.0129018813192465
0.0209256910550241 -0.00455512521566342 -0.0112678895703366 0.00758993332816321 0.0610055494940699 -0.0429164458544933 0.256494089259699 -0.0940896211271642
-0.0245519047786462 0.0435037433002657 0.037327357746678 0.047999297280678 -0.0198433231991162 0.0129018813192465 -0.0940896211271642 0.0893357059646897
