0.0885487223368676 -0.0739163875046155 -0.0459536284804029 -0.0693662474280834 0.0914950868761744 0.0646893589685166 -0.0547832458023599 -0.0520460397638411
-0.0739163875046155 0.0992141691579666 0.0691479271761751 0.0379232792532657 -0.0473799495961019 -0.023209090323101 0.0593045731093981 0.0456766152107664
-0.0459536284804029 0.0691479271761751 0.0616072325460948 -0.00474408988796095 -0.0183754274827655 0.0171658030751772 0.0823066469432382 0.0232610117815387
-0.0693662474280834 0.0379232792532657 -0.00474408988796095 0.2271949486162 -0.0751932353378958 -0.0885181385461032 0.0873267611243969 0.0797435197818515
0.0914950868761744 -0.0473799495961019 -0.0183754274827655 -0.0751932353378958 -0.00595412527861183 0.0464197059439754 0.00987048776133344 -0.0617340731337569
0.0646893589685166 -0.023209090323101 0.0171658030751772 -0.0885181385461032 0.0464197059439754 0.0347915312968044 -0.0885696421068281 -0.014806440047457
-0.0547832458023599 0.0593045731093981 0.0823066469432382 0.0873267611243969 0.00987048776133343 -0.0885696421068281 0.255041790109623 -0.0144489092790553
-0.0520460397638411 0.0456766152107664 0.0232610117815387 0.0797435197818515 -0.0617340731337569 -0.014806440047457 -0.0144489092790553 0.0419682314131783
