0.0615278896012707 -0.0433203041603792 -0.0343144844116124 -0.0422419453078319 0.0238610271632195 0.0296394954410197 0.0256792869710464 -0.0546508351912073
-0.0433203041603792 0.053140664502844 0.0455416632146466 0.0350821787309692 -0.00758262835977848 -0.00123506602758426 -0.0163555721516474 0.0466885374792962
-0.0343144844116124 0.0455416632146466 0.0405313471273635 -0.00881311181557663 -0.0445141811078812 0.0114788044614912 -0.0048836413521891 0.0191792029302275
-0.0422419453078319 0.0350821787309692 -0.00881311181557663 0.194902027989008 -0.0139930102116556 -0.0515278667960383 -0.0100758093386709 0.141001746949938
0.0238610271632195 -0.00758262835977848 -0.0445141811078812 -0.0139930102116556 -0.0118974801860151 0.0199492564773393 0.0603395667199957 -0.02633820399766
0.0296394954410197 -0.00123506602758426 0.0114788044614912 -0.0515278667960384 0.0199492564773393 0.062305907202628 -0.029668838804118 -0.0311139017519592
0.0256792869710464 -0.0163555721516474 -0.00488364135218911 -0.0100758093386709 0.0603395667199957 -0.029668838804118 0.105470042510991 -0.0345604184082376
-0.0546508351912073 0.0466885374792962 0.0191792029302275 0.141001746949938 -0.02633820399766 -0.0311139017519592 -0.0345604184082376 0.102212465752167
