0.0566757981655846 -0.0557208245765384 -0.0377651269817135 -0.0518856035563188 0.0552437317746929 0.000822784752054302 0.00646172580142348 -0.0315615022780577
-0.0557208245765384 0.134790652133823 0.140374531561882 0.0247428562257557 -0.0136904656716463 0.0850402836019491 0.0802869823713902 0.0313545389595001
-0.0377651269817135 0.140374531561882 0.144765053934614 -0.0257199405545404 0.0245580075618241 0.0928109092660597 0.130489007588872 0.00910957119507169
-0.0518856035563188 0.0247428562257557 -0.0257199405545404 0.200952902292887 -0.0604547424848217 -0.0396913399112042 -0.0198824069276396 0.0998712889507656
0.0552437317746929 -0.0136904656716463 0.0245580075618241 -0.0604547424848216 0.0294739933979067 0.015383541150822 0.0641073577049302 0.00142549236178105
0.000822784752054303 0.0850402836019491 0.0928109092660597 -0.0396913399112042 0.015383541150822 0.0363831150681124 0.0620346923276544 -0.0118279993820993
0.00646172580142348 0.0802869823713902 0.130489007588872 -0.0198824069276396 0.0641073577049302 0.0620346923276544 0.155402901339109 -0.0299427405859857
-0.0315615022780577 0.0313545389595002 0.00910957119507169 0.0998712889507656 0.00142549236178105 -0.0118279993820993 -0.0299427405859857 0.0544649213307804
