0.0638866950334892 -0.0615116372537633 -0.0617771406490315 -0.0306352694126071 0.0466772720278814 0.0303778788945897 -0.020070727181364 -0.0589407187879021
-0.0615116372537633 0.0894795448076759 0.0920954915212078 -0.00169154331663719 -0.0201799591046798 -0.00837052207511527 0.0314041958179386 0.0462255513555388
-0.0617771406490315 0.0920954915212078 0.0715779425643705 -0.00775444462149729 -0.00905758363108101 -0.0277132368508288 0.0698181759909918 0.0256240100162679
-0.0306352694126071 -0.00169154331663719 -0.00775444462149728 0.0516057144565707 -0.0250952874089966 -0.0207221556767505 -0.00992990883274961 0.0712523935617437
0.0466772720278814 -0.0201799591046798 -0.00905758363108102 -0.0250952874089966 -0.0504851879876121 0.0182777496964274 0.0359130963922118 -0.0565454155613681
0.0303778788945897 -0.00837052207511527 -0.0277132368508288 -0.0207221556767505 0.0182777496964274 -0.0148031170720305 -0.0451811015252903 -0.0385974180683584
-0.020070727181364 0.0314041958179386 0.0698181759909918 -0.00992990883274961 0.0359130963922118 -0.0451811015252903 0.161771646108067 -0.0218219213128899
-0.0589407187879021 0.0462255513555388 0.0256240100162679 0.0712523935617437 -0.0565454155613681 -0.0385974180683584 -0.0218219213128899 0.103552669345531
