0.0846187608839773 -0.0631860240115819 -0.0537538051402721 -0.04161818421211 0.118262306136353 0.0642747224394213 0.0194421780539934 -0.0892801302644201
-0.0631860240115819 0.127749093987929 0.0977527640835944 0.0431485068450878 -0.0646856525516215 -0.0369247279157975 0.0305588114021561 0.0981524017286605
-0.0537538051402721 0.0977527640835944 0.0574478940668459 0.0170817645601139 -0.0582614717055584 -0.0286552411336611 0.062660932966505 0.063328885094108
-0.04161818421211 0.0431485068450878 0.0170817645601139 0.113634752665645 -0.0381798013500133 -0.0295471549811155 -0.0279559426261631 0.111254422629632
0.118262306136353 -0.0646856525516215 -0.0582614717055584 -0.0381798013500133 0.0713787454910109 0.0595037649598203 0.110075124969465 -0.0997765730716935
0.0642747224394213 -0.0369247279157975 -0.0286552411336611 -0.0295471549811155 0.0595037649598203 0.00972196742062414 -0.0596715630422851 -0.0380848563513998
0.0194421780539934 0.0305588114021561 0.062660932966505 -0.0279559426261631 0.110075124969465 -0.0596715630422851 0.256014206664784 -0.0471275520597916
-0.0892801302644201 0.0981524017286605 0.063328885094108 0.111254422629632 -0.0997765730716935 -0.0380848563513998 -0.0471275520597916 0.149494789727637
