0.0973661924533797 -0.0995039210065928 -0.141930539152652 -0.0191571085369455 0.0222494681743838 0.0275628284670522 0.00261041014367645 -0.0545926963462479
-0.0995039210065928 0.145500629060992 0.195611409880408 0.0243265668983328 0.00451019419003624 0.00604696360868868 0.0646481023613816 0.0805114491529175
-0.141930539152652 0.195611409880408 0.299292794074452 -0.023892886077513 0.0115313442182841 0.00674553469855692 0.0882926726496368 0.0702438272943083
-0.0191571085369455 0.0243265668983328 -0.023892886077513 0.0777739522974444 -0.0358425277430409 -0.0168837669916773 -0.0295322210032384 0.0496390662274301
0.0222494681743838 0.00451019419003624 0.0115313442182841 -0.0358425277430409 -0.0847527689898213 0.0175109819087249 0.046141378585251 -0.00380932140509002
0.0275628284670522 0.00604696360868868 0.00674553469855692 -0.0168837669916773 0.0175109819087249 -0.0187799645755327 0.00945965305675829 -0.00778934913074832
0.00261041014367644 0.0646481023613816 0.0882926726496368 -0.0295322210032384 0.046141378585251 0.00945965305675828 0.078964511921184 -0.0113919578126698
-0.0545926963462479 0.0805114491529175 0.0702438272943083 0.0496390662274301 -0.00380932140509002 -0.00778934913074832 -0.0113919578126698 0.0725345970044192
