0.0866079533737432 0.00445669300926019 0.0432840039876561 -0.0525977760083596 0.0996685243866043 0.0885109327523513 0.123162029675794 -0.0439542956367329
0.00445669300926019 0.0960925350197404 0.0705794817904617 -0.0446920056059286 0.0485617425823829 0.0421693946135878 0.0533215094240915 0.0594912790151934
0.0432840039876561 0.0705794817904617 0.066279856224084 -0.0403737428215544 0.0496276518958605 0.0778447660758977 0.108773774744831 0.0190118067875178
-0.0525977760083596 -0.0446920056059286 -0.0403737428215544 0.0640666537037631 -0.0579874838878632 -0.0782806362042412 -0.0652817217608649 0.0346060525914407
0.0996685243866043 0.0485617425823829 0.0496276518958605 -0.0579874838878632 0.0665646850903991 0.0614449725510147 0.16860385168225 -0.0207723809722142
0.0885109327523513 0.0421693946135878 0.0778447660758977 -0.0782806362042412 0.0614449725510147 0.0938374345759676 0.0942867005485559 -0.0162075732196511
0.123162029675794 0.0533215094240915 0.108773774744831 -0.0652817217608649 0.16860385168225 0.0942867005485559 0.173530009108685 -0.0215941293221201
-0.0439542956367329 0.0594912790151934 0.0190118067875178 0.0346060525914407 -0.0207723809722142 -0.0162075732196511 -0.0215941293221201 0.0748972810016913
