0.0843868063012548 -0.0595420231539227 -0.0734430840833774 -0.0508905553202285 0.0500221974462494 0.0500510725722156 -0.0622217878918982 -0.0616928626830813
-0.0595420231539227 0.0877472087952024 0.0860098750526183 0.0435252066191546 -0.0082367223094081 -0.0181950617855017 0.109068760886751 0.0298249495074588
-0.0734430840833774 0.0860098750526183 0.093053861498832 0.0329852253306395 -0.0171671225782643 0.000459995502533868 0.0897302486673333 0.0472893266628623
-0.0508905553202285 0.0435252066191546 0.0329852253306395 0.0894418412831468 -0.0275820162948094 -0.0512922767754936 0.0924535591849607 0.0437277194368843
0.0500221974462494 -0.0082367223094081 -0.0171671225782643 -0.0275820162948094 -0.0201714409258726 0.00174183341271911 -0.00747568483364463 0.00131013639868791
0.0500510725722156 -0.0181950617855017 0.000459995502533864 -0.0512922767754936 0.0017418334127191 0.0105699735989155 -0.0703258335112295 -0.0305843492711842
-0.0622217878918982 0.109068760886751 0.0897302486673333 0.0924535591849607 -0.00747568483364461 -0.0703258335112295 0.141183095341599 0.0211697060261133
-0.0616928626830813 0.0298249495074588 0.0472893266628623 0.0437277194368843 0.00131013639868791 -0.0305843492711842 0.0211697060261133 0.0675600299550978
