0.087480029129244 -0.0643758263261957 -0.0566474177684122 -0.0489011783636169 0.0520522741422594 0.0367736903552606 0.0431241929422904 -0.0990440719538945
-0.0643758263261957 0.0519218738871091 0.0643919339143682 0.0411738885012663 -0.0190551383704303 -0.00412384787896019 -0.0274408624746334 0.0875784147538538
-0.0566474177684122 0.0643919339143682 0.117645172004798 -0.00108969703203304 -0.0489147912730766 0.0271448747961451 0.0340771888803508 0.0589767016253313
-0.0489011783636169 0.0411738885012663 -0.00108969703203304 0.11270401114709 -0.00276235259624889 -0.0520714312715566 -0.043958302333898 0.0768278791956137
0.0520522741422594 -0.0190551383704303 -0.0489147912730766 -0.00276235259624889 -0.0350397962001163 -0.0153113950711116 0.0864412391234182 -0.0208368069587591
0.0367736903552606 -0.00412384787896019 0.0271448747961451 -0.0520714312715566 -0.0153113950711116 0.0180959516264517 -0.0450474285196444 -0.0136513143961244
0.0431241929422904 -0.0274408624746334 0.0340771888803508 -0.043958302333898 0.0864412391234182 -0.0450474285196444 0.179952420414424 -0.0825683054476196
-0.0990440719538945 0.0875784147538538 0.0589767016253313 0.0768278791956137 -0.0208368069587591 -0.0136513143961244 -0.0825683054476196 0.138595541844479
