0.0504600496810933 -0.0352993099317226 -0.021477128131428 -0.0411277322974275 0.0476982486331465 0.0340116369849937 0.0321368073256309 -0.0549619618328444
-0.0352993099317226 0.0742299001194667 0.0842614111598857 0.00293316665365586 -0.0371760447696002 0.0141046931018852 0.0262429339701478 0.0323848122310095
-0.021477128131428 0.0842614111598857 0.108926890394508 -0.0137031265690293 -0.0522921962429728 0.0181663867275266 0.0915881590291281 0.022122150479198
-0.0411277322974275 0.00293316665365586 -0.0137031265690293 0.075660284002608 -0.0258001270157941 -0.0446793606833256 -0.0541298961169733 0.069189696284708
0.0476982486331465 -0.0371760447696002 -0.0522921962429728 -0.0258001270157941 -0.0442565057033532 0.0181859136903673 0.0175238483008569 -0.0575739805829499
0.0340116369849937 0.0141046931018852 0.0181663867275266 -0.0446793606833256 0.0181859136903673 0.023037700729654 -0.00919293414118774 -0.0289457689576105
0.0321368073256309 0.0262429339701478 0.0915881590291281 -0.0541298961169733 0.0175238483008569 -0.00919293414118773 0.16317524029156 -0.0751071194517624
-0.0549619618328444 0.0323848122310095 0.022122150479198 0.069189696284708 -0.0575739805829499 -0.0289457689576105 -0.0751071194517624 0.0573345102104525
