0.0965032921473222 -0.101421484803467 -0.0563080326891525 -0.019362709519185 0.079826541890887 0.0405721827994812 0.0471712517361847 -0.117547245340186
-0.101421484803467 0.122557770215091 0.0825622258374612 0.0211752006600241 -0.0543108338384593 -0.0126723699658372 -0.00119206560605641 0.135529256347841
-0.0563080326891525 0.0825622258374612 0.102039822576322 -0.0033304258425326 -0.0571047990923458 -0.0217922554052362 0.0940346407024216 0.0761864298314176
-0.019362709519185 0.0211752006600241 -0.0033304258425326 0.0986484102416822 -0.0303300466681586 -0.0331905418691092 -0.032760116221633 0.0977320602513499
0.079826541890887 -0.0543108338384593 -0.0571047990923458 -0.0303300466681586 0.0241911147411022 0.0712560986493809 0.0159135338081332 -0.0835791702995909
0.0405721827994812 -0.0126723699658372 -0.0217922554052362 -0.0331905418691092 0.0712560986493809 0.00631848066017549 -0.0407130572562416 -0.0336402529623124
0.0471712517361847 -0.00119206560605641 0.0940346407024217 -0.032760116221633 0.0159135338081332 -0.0407130572562416 0.188245105358324 -0.0428741581512711
-0.117547245340186 0.135529256347841 0.0761864298314176 0.0977320602513499 -0.0835791702995909 -0.0336402529623124 -0.0428741581512711 0.22943305852424
