0.0545601308717424 -0.0461786766967901 -0.0403667524343393 0.0159552341170035 0.0666878029110669 0.0343897667411388 0.0553886281949208 -0.0489515553958985
-0.0461786766967901 0.10180793254603 0.0717655403469373 -0.110962025928127 -0.0444794624208396 0.0264505269503805 -0.0396728330854667 0.0338852259106722
-0.0403667524343393 0.0717655403469373 0.102742598276508 -0.0948622976099435 -0.0459345468914427 0.0157209082422398 0.00500334688073298 0.0471549193822143
0.0159552341170035 -0.110962025928127 -0.0948622976099435 0.195409495971456 0.0460004254429772 -0.0693093679720419 0.0315357852485465 -0.00122043315997829
0.0666878029110669 -0.0444794624208396 -0.0459345468914427 0.0460004254429772 -0.00556358152271865 0.0166465206980178 0.0700523763150396 -0.0532821423887989
0.0343897667411388 0.0264505269503805 0.0157209082422398 -0.0693093679720419 0.0166465206980178 0.0176607382430607 -0.00523850822495087 -0.0137635572600509
0.0553886281949208 -0.0396728330854667 0.00500334688073298 0.0315357852485465 0.0700523763150396 -0.00523850822495087 0.111830754875452 -0.051602038231669
-0.0489515553958985 0.0338852259106722 0.0471549193822143 -0.00122043315997829 -0.0532821423887989 -0.0137635572600509 -0.051602038231669 0.0615953634866168
