0.038452275900239 -0.0279824391429428 -0.0175733258705817 0.00187903429900172 0.0592902439395372 0.024060896355831 0.0509395991091113 -0.0300526214021003
-0.0279824391429428 0.0739591102023242 0.0916416167677581 -0.0425118891088671 -0.0421056926660925 0.0408955139171093 0.024514560980209 0.0175039160504149
-0.0175733258705817 0.0916416167677581 0.119828975844468 -0.0871306631994367 -0.0364508117985453 0.0533585396009371 0.0919693810247297 -0.0126001829716565
0.00187903429900172 -0.0425118891088671 -0.0871306631994367 0.102886265473904 0.0408633073642206 -0.0273742515787409 -0.0870036159193336 0.0711656053136478
0.0592902439395372 -0.0421056926660925 -0.0364508117985453 0.0408633073642206 0.0583367936219441 -0.00576890293180934 0.0560149705519403 0.00154450711397859
0.024060896355831 0.0408955139171093 0.0533585396009371 -0.0273742515787409 -0.00576890293180934 0.024104408666813 0.0036691490911222 -0.011541891008997
0.0509395991091113 0.024514560980209 0.0919693810247297 -0.0870036159193336 0.0560149705519403 0.0036691490911222 0.210210730076323 -0.0722769185284686
-0.0300526214021003 0.0175039160504149 -0.0126001829716565 0.0711656053136478 0.00154450711397858 -0.011541891008997 -0.0722769185284686 0.0529659086547205
