0.0528123844930337 -0.0405444165164868 -0.048986501573862 -0.0325504567522818 0.0682873329802443 0.0215979528750465 -0.0283264950775455 -0.0381844941457191
-0.0405444165164868 0.14235973483151 0.123931369975583 0.0834966761221852 0.0102006265964043 -0.00655502284525734 0.122680290957531 0.104277141744148
-0.048986501573862 0.123931369975583 0.12081733311397 0.0344183852123762 -0.0298566333234879 0.00959527108362226 0.0849954645571156 0.0555991777770712
-0.0325504567522818 0.0834966761221852 0.0344183852123762 0.09695857472621 0.0204446588159795 -0.0341280784961158 0.0755150587983481 0.0947762684416399
0.0682873329802443 0.0102006265964043 -0.0298566333234879 0.0204446588159795 0.0787795439605083 0.0233677199479821 0.0709751117994437 0.0092639779816339
0.0215979528750465 -0.00655502284525734 0.00959527108362226 -0.0341280784961158 0.0233677199479821 0.0219794174922217 -0.0522708886927168 -0.00793946385762298
-0.0283264950775455 0.122680290957531 0.0849954645571156 0.0755150587983481 0.0709751117994437 -0.0522708886927168 0.242304879404258 0.0367304002539716
-0.0381844941457191 0.104277141744148 0.0555991777770712 0.0947762684416399 0.0092639779816339 -0.00793946385762298 0.0367304002539716 0.114832462951904
