0.0900473414450186 -0.0474575528971698 -0.0312302894712035 -0.0345355846471624 0.034187771626304 0.0224141526726758 -0.00616433816811362 -0.064654046608255
-0.0474575528971698 0.0575162978246827 0.0545603165779952 0.017640941623519 -0.0252174716865641 0.0167601222900324 0.0536761109349292 0.03998079258417
-0.0312302894712035 0.0545603165779951 0.0550206974525174 -0.00130351312508507 -0.0416026553731457 0.018692261328698 0.0399942329069662 0.0363933888329117
-0.0345355846471624 0.0176409416235191 -0.00130351312508507 0.0402760466644225 -0.00914147936372328 -0.0252480217047488 0.000138079884830197 0.0551602892153281
0.034187771626304 -0.0252174716865642 -0.0416026553731457 -0.00914147936372328 -0.023739778597829 -0.0147375122721921 0.0392592969717143 -0.0366882571324813
0.0224141526726758 0.0167601222900324 0.018692261328698 -0.0252480217047488 -0.0147375122721921 -0.0214055276565101 0.00308626684027786 -0.0176397427604126
-0.00616433816811362 0.0536761109349292 0.0399942329069662 0.000138079884830197 0.0392592969717143 0.00308626684027786 0.0473358160430071 0.0320922750314031
-0.064654046608255 0.03998079258417 0.0363933888329117 0.0551602892153281 -0.0366882571324813 -0.0176397427604126 0.0320922750314031 0.0836820058292464
