0.123470507149744 -0.022317022617733 -0.0246391280958494 -0.0273330072484326 0.0784962438396903 0.0918606775409744 0.0225062671052134 -0.0676589815054817
-0.022317022617733 0.116067402157343 0.107400336986765 -0.0348283532414235 -0.0137915822181194 0.0557693991000705 0.0414302006285015 0.0445559442558236
-0.0246391280958494 0.107400336986765 0.103276350783694 -0.0493629804778565 -0.0326308633923323 0.0533647288342552 0.0888052005284265 0.0285750958960479
-0.0273330072484326 -0.0348283532414235 -0.0493629804778565 0.0866612228991201 0.0113360888319287 -0.04849760117932 -0.0444624897466616 0.048816187881639
0.0784962438396903 -0.0137915822181194 -0.0326308633923323 0.0113360888319287 0.0263411579313645 0.0233948925108751 0.0452927813611956 -0.00563741036531381
0.0918606775409744 0.0557693991000705 0.0533647288342552 -0.04849760117932 0.0233948925108751 0.0536557919301092 0.023326340611976 -0.0364016728047014
0.0225062671052134 0.0414302006285015 0.0888052005284265 -0.0444624897466616 0.0452927813611956 0.023326340611976 0.173097909433443 -0.0229594494781526
-0.0676589815054817 0.0445559442558236 0.0285750958960479 0.048816187881639 -0.00563741036531381 -0.0364016728047014 -0.0229594494781526 0.0749252569871612
