0.0650873601868705 -0.0548235179625608 -0.0429794220192699 -0.00423392273674973 0.103801093307388 0.0304067859992396 0.0561974309622393 -0.0466167773697501
-0.0548235179625608 0.0813052755541998 0.0803829624233282 -0.0273383985234937 -0.0776300160098979 0.0036684129809257 -0.0303169036963832 0.0328633881483148
-0.0429794220192699 0.0803829624233282 0.0750582306584862 -0.0196577204402353 -0.0650326992434847 0.0085675301358672 0.00502999171194026 0.0380845188196531
-0.00423392273674973 -0.0273383985234937 -0.0196577204402353 0.0403317503003961 0.00307141134150959 -0.0341078021470392 0.0114874371524046 0.00848803762020477
0.103801093307388 -0.0776300160098979 -0.0650326992434847 0.0030714113415096 0.0551155838092208 0.0174234219476949 0.121915393800662 -0.0606423197356987
0.0304067859992396 0.0036684129809257 0.0085675301358672 -0.0341078021470392 0.0174234219476949 -0.00875594882954694 -0.0274057002991279 -0.00718301425341017
0.0561974309622393 -0.0303169036963832 0.00502999171194026 0.0114874371524046 0.121915393800662 -0.0274057002991279 0.146233800415883 -0.0581873727051791
-0.0466167773697501 0.0328633881483148 0.0380845188196531 0.00848803762020477 -0.0606423197356987 -0.00718301425341017 -0.0581873727051791 0.0229138763624311
