0.0923961160712117 -0.0402737056973018 -0.0565200420158257 -0.027089005392236 0.0437758628328783 0.0227368790773884 -0.0151405791844003 -0.0845760082017305
-0.0402737056973018 0.063432788167437 0.088128128019791 0.016440770584453 -0.0105623611489187 0.0434944484618518 0.0663063580359321 0.0837688933575237
-0.0565200420158257 0.088128128019791 0.11517899269531 0.01442021377842 -0.0374194910042478 0.0473529464678424 0.0956833296604795 0.0831836718337292
-0.027089005392236 0.016440770584453 0.01442021377842 0.0737785468155721 0.017540217818976 -0.0209322156271418 0.0471352832577885 0.0939970020141392
0.0437758628328783 -0.0105623611489187 -0.0374194910042478 0.017540217818976 0.046392640098166 -0.00987249217094262 0.0696593911200234 -0.0152878473356685
0.0227368790773884 0.0434944484618518 0.0473529464678424 -0.0209322156271418 -0.00987249217094263 0.0134432503216311 0.00831796677231039 0.019634620470233
-0.0151405791844003 0.0663063580359321 0.0956833296604795 0.0471352832577885 0.0696593911200234 0.00831796677231039 0.0958448774293614 0.0680502061894462
-0.0845760082017305 0.0837688933575237 0.0831836718337292 0.0939970020141392 -0.0152878473356685 0.019634620470233 0.0680502061894462 0.170866862539064
