0.055538852965493 -0.0626787080807339 -0.0338962407206988 -0.0491934364828301 0.0733794045653119 0.0500516780034691 0.0225507601116493 -0.0492406676318046
-0.0626787080807339 0.107081219992731 0.0777362864073156 0.0521430410219792 -0.0285742724945111 -0.0466900207409022 0.0533916209287828 0.035392791688721
-0.0338962407206988 0.0777362864073156 0.0576045874466665 0.0510340992279975 -0.0149339947884077 -0.0321015531025918 0.0738854849431147 0.0093849321948201
-0.0491934364828301 0.0521430410219792 0.0510340992279975 0.119035394339904 -0.0570762408116029 -0.0480003264922218 -0.0212622368760091 0.0696926727564369
0.0733794045653119 -0.0285742724945111 -0.0149339947884077 -0.0570762408116029 0.015650597396408 0.0495963224546967 0.0674036755965249 -0.0329128425373892
0.0500516780034691 -0.0466900207409022 -0.0321015531025918 -0.0480003264922218 0.0495963224546967 0.00996281296517691 -0.00320053293559724 0.00149404396645122
0.0225507601116493 0.0533916209287828 0.0738854849431147 -0.0212622368760091 0.0674036755965249 -0.00320053293559724 0.114133583303906 -0.0578129163460165
-0.0492406676318046 0.035392791688721 0.0093849321948201 0.0696926727564369 -0.0329128425373892 0.00149404396645122 -0.0578129163460165 0.089349352071745
