0.0852366582259102 -0.0525692834473905 -0.042284779808479 0.000146434796359609 0.06361527911177 0.0663466220927368 -0.0118966636695011 -0.0394011730839481
-0.0525692834473905 0.0717193483659795 0.0732241495058821 0.0157190860259042 -0.0623599066964388 -0.032932035313767 -0.0036267385305522 0.0556152086187425
-0.042284779808479 0.0732241495058821 0.0900706225347161 -0.0099783961940818 -0.046701875431051 -0.00877128782598823 0.0397851897005092 0.0241469772772525
0.00014643479635961 0.0157190860259042 -0.00997839619408179 0.0580788811677571 -0.00625259387608535 -0.0194548171712087 0.0136893617263021 0.0455199778259899
0.06361527911177 -0.0623599066964388 -0.046701875431051 -0.00625259387608535 -0.0509102298289315 0.0440714433594106 0.0463665721690157 -0.0483368495770795
0.0663466220927368 -0.032932035313767 -0.00877128782598822 -0.0194548171712087 0.0440714433594106 0.0122039411242724 0.0185666226388916 -0.0396451379648072
-0.0118966636695011 -0.0036267385305522 0.0397851897005092 0.0136893617263021 0.0463665721690157 0.0185666226388916 0.140950303398051 -0.0232166195268959
-0.0394011730839481 0.0556152086187425 0.0241469772772525 0.0455199778259899 -0.0483368495770795 -0.0396451379648072 -0.0232166195268959 0.042703289365705
