0.18061470778175 -0.0649499938196204 -0.0609354355647282 -0.0775724306445835 0.14814370717196 0.117792945125952 0.0495610065431243 -0.119646438470986
-0.0649499938196204 0.0633241231242647 0.0572835235908017 -0.00632876859109803 0.00464974222837844 0.0149893261892518 0.0185956259061757 0.0446192032113209
-0.0609354355647282 0.0572835235908017 0.0937342590715721 -0.00780520855646701 -0.0162470345259086 -0.0364775679456974 0.095354350122812 0.0477092522118576
-0.0775724306445835 -0.00632876859109803 -0.00780520855646701 0.0853135599245887 -0.0891705493892632 -0.0762092829865017 -0.00940772507425257 0.0697273333593352
0.14814370717196 0.00464974222837844 -0.0162470345259086 -0.0891705493892632 0.121483319566522 0.107710007112565 0.121893516015866 -0.0874269520421513
0.117792945125952 0.0149893261892518 -0.0364775679456974 -0.0762092829865017 0.107710007112565 0.0900077147610132 -0.00852644081693342 -0.0626065157356626
0.0495610065431243 0.0185956259061757 0.095354350122812 -0.00940772507425257 0.121893516015866 -0.00852644081693342 0.262158665004935 -0.036841886355983
-0.119646438470986 0.0446192032113209 0.0477092522118576 0.0697273333593352 -0.0874269520421513 -0.0626065157356626 -0.036841886355983 0.0760498500761309
