0.0402728780624878 -0.0432343298273948 -0.0213009618908923 -0.0258579727198637 0.0469517261075873 0.0268370397548165 0.0183800868659623 -0.0188795907524598
-0.0432343298273948 0.0470585860221656 0.0544839350216619 0.0307724468813821 -0.0207361224104269 -0.019546920342004 0.0230887683694576 0.019463834555371
-0.0213009618908923 0.0544839350216619 0.0428706471272517 0.0359975943097882 0.0043724072833081 -0.00627058454257202 0.0432432182264241 0.0206274404421946
-0.0258579727198637 0.0307724468813821 0.0359975943097882 0.0914200328392153 -0.0430380113923674 -0.00257549694852509 -0.0432227662584119 0.043722169761805
0.0469517261075873 -0.0207361224104269 0.0043724072833081 -0.0430380113923674 -0.00107731019071015 0.0339370741685 0.0675982637409993 -0.00182369857768467
0.0268370397548165 -0.019546920342004 -0.00627058454257203 -0.00257549694852509 0.0339370741685 -0.00767310299601434 -0.0112244460208823 0.0144440963404418
0.0183800868659623 0.0230887683694576 0.0432432182264241 -0.0432227662584119 0.0675982637409993 -0.0112244460208823 0.134110531453294 -0.0380355327469692
-0.0188795907524598 0.019463834555371 0.0206274404421946 0.043722169761805 -0.00182369857768467 0.0144440963404418 -0.0380355327469692 0.0437092538903627
