0.0877254380017862 -0.0209073243380584 -0.0238800165688717 -0.0347453912767791 0.114762971643354 0.0598998581593626 0.0746536088565997 -0.0656107670249987
-0.0209073243380584 0.0453683990504736 0.0567398227243286 -0.011223694880678 -0.02510431941319 0.00761625174585566 -0.00458948808511812 0.0279862279102822
-0.0238800165688717 0.0567398227243286 0.0528562916314979 -0.0107939182391394 -0.0573561638613609 0.0112100663084761 0.0123813027600778 0.014757890826322
-0.0347453912767791 -0.011223694880678 -0.0107939182391394 0.0453439820963382 -0.0534058975559447 -0.0288256191927429 -0.0641194521415248 0.0731318755190744
0.114762971643354 -0.02510431941319 -0.0573561638613609 -0.0534058975559447 0.110597598589572 0.0458830660425193 0.110555871932789 -0.0891763156632404
0.0598998581593626 0.00761625174585566 0.0112100663084761 -0.0288256191927429 0.0458830660425193 0.0464644828971008 0.0518599551022165 -0.038762461836275
0.0746536088565998 -0.00458948808511812 0.0123813027600778 -0.0641194521415248 0.110555871932789 0.0518599551022165 0.236473258743964 -0.129320977117884
-0.0656107670249987 0.0279862279102822 0.014757890826322 0.0731318755190744 -0.0891763156632404 -0.038762461836275 -0.129320977117884 0.0688204108994468
