0.0584496674149043 -0.0519260658956646 -0.0135721093221839 0.0187666130173098 0.037999716181517 0.00864688925446565 0.0480512708758131 -0.0568244347737122
-0.0519260658956646 0.0760537225032227 0.0651809196834225 -0.0383678073609397 -0.0210591284311936 0.022376514559103 -0.000784792138904413 0.0347816793891638
-0.0135721093221839 0.0651809196834225 0.117948022028869 -0.0375279636365615 -0.0311518518236392 0.0415609114184805 0.044723287280314 0.000692192122319888
0.0187666130173098 -0.0383678073609397 -0.0375279636365615 0.090923987179215 0.0238435204015254 -0.0484410966998007 0.031148847834699 0.028110151023957
0.037999716181517 -0.0210591284311936 -0.0311518518236392 0.0238435204015254 -0.0475250991587076 -0.00797171401920902 0.0358238351616855 -0.00643097345852328
0.00864688925446565 0.022376514559103 0.0415609114184805 -0.0484410966998007 -0.00797171401920901 -0.0104388320661078 -0.0212499480576162 -0.0104621946861874
0.0480512708758131 -0.000784792138904416 0.044723287280314 0.031148847834699 0.0358238351616855 -0.0212499480576162 0.0707604962633242 -0.0195593004542033
-0.0568244347737122 0.0347816793891638 0.000692192122319886 0.028110151023957 -0.00643097345852328 -0.0104621946861874 -0.0195593004542033 0.0438594734268184
