0.143084521363263 -0.107757845245462 -0.0837616108554323 -0.0210026828869428 0.169256319922817 0.0543424590665983 0.0688845974594985 -0.109580782783878
-0.107757845245462 0.179261783598121 0.153122278485112 -0.0511622638760819 -0.106768381225097 0.030594688754236 0.0186947340761638 0.052824030145939
-0.0837616108554323 0.153122278485112 0.148327158327597 -0.0654278663295927 -0.0939898019349838 0.059136972823404 0.0829868000362744 0.036744586095576
-0.0210026828869428 -0.0511622638760819 -0.0654278663295927 0.139306712239907 0.0324529255664554 -0.0718921993816763 -0.0432715664586747 0.104456561882153
0.169256319922817 -0.106768381225097 -0.0939898019349838 0.0324529255664554 0.0962628235807849 0.0387640166697721 0.0737473555888749 -0.0888144160379263
0.0543424590665983 0.030594688754236 0.059136972823404 -0.0718921993816763 0.0387640166697721 0.0318954657831077 0.0585329641186605 -0.0355092132221507
0.0688845974594985 0.0186947340761638 0.0829868000362744 -0.0432715664586747 0.0737473555888749 0.0585329641186605 0.141574679204437 -0.0649616193628967
-0.109580782783878 0.052824030145939 0.036744586095576 0.104456561882153 -0.0888144160379263 -0.0355092132221507 -0.0649616193628967 0.151498415922145
