0.0479588260958201 -0.0372102170732819 -0.0339787775741583 0.0024615915724637 0.0473539892524442 0.0283976578223463 -0.00951055302627129 -0.0148680041024935
-0.0372102170732819 0.0391829512940765 0.0572780084997525 0.0159956504847349 -0.0302443833355041 0.0103972456713121 0.0143304418208269 0.0435264301196149
-0.0339787775741583 0.0572780084997525 0.0857213760330339 -0.0170513669612691 -0.0446260071840072 0.00540220822994231 0.0799458865730962 0.00582931190211917
0.0024615915724637 0.0159956504847349 -0.0170513669612691 0.0650827683364013 -0.00605031350237669 0.0132478820764649 -0.0172884157845581 0.0574362100127306
0.0473539892524442 -0.0302443833355041 -0.0446260071840072 -0.00605031350237669 -0.0568723788485397 0.0194144065247869 0.0309456021091559 -0.0126574818112693
0.0283976578223463 0.0103972456713121 0.0054022082299423 0.0132478820764649 0.0194144065247869 0.102815067610492 -0.0976560112193501 0.0294713441981476
-0.00951055302627129 0.0143304418208269 0.0799458865730962 -0.0172884157845581 0.0309456021091559 -0.0976560112193501 0.150980152981318 -0.0145797141139924
-0.0148680041024935 0.0435264301196149 0.00582931190211917 0.0574362100127306 -0.0126574818112693 0.0294713441981476 -0.0145797141139924 0.0668222589189321
