0.032728863788655 -0.00965717962000451 -0.0192737366411793 -0.0124186216646353 0.0597063898089382 0.0224564364921409 0.0213883243894495 -0.0237436636477574
-0.00965717962000451 0.067359755408322 0.0460057065499733 -0.0504807742806539 -0.00310835245030596 0.0134587507664657 -0.00315876472758306 0.0156407720631327
-0.0192737366411793 0.0460057065499733 0.0389268444798219 -0.0313868845556543 -0.00462985474372828 0.0185632661894595 0.0228321177443477 0.0141684123326648
-0.0124186216646353 -0.0504807742806539 -0.0313868845556543 0.124615040433691 -0.00301594665371757 -0.0303820039097504 -0.0419652828775441 0.0406242685797953
0.0597063898089382 -0.00310835245030596 -0.00462985474372828 -0.00301594665371757 0.0301407457937652 0.0390275292906984 0.0346817859906403 -0.0117287619534589
0.0224564364921409 0.0134587507664657 0.0185632661894595 -0.0303820039097504 0.0390275292906984 0.0188873560510713 0.00233730356460992 -0.0159641822166935
0.0213883243894495 -0.00315876472758306 0.0228321177443477 -0.0419652828775441 0.0346817859906403 0.00233730356460992 0.0202562435041978 -0.0337360424809761
-0.0237436636477574 0.0156407720631327 0.0141684123326648 0.0406242685797953 -0.0117287619534589 -0.0159641822166935 -0.0337360424809761 0.0323780108015154
