0.0976959303726238 -0.0653648590063188 -0.0473926494739881 -0.0377941946032982 0.0913107226509037 0.0414644850528579 0.0343062824536669 -0.095426482271772
-0.0653648590063188 0.0920036492167852 0.085451177922889 -0.0205594743853705 -0.035864784888569 0.0157079752159695 0.00753162964411266 0.0805880647733606
-0.0473926494739881 0.085451177922889 0.0920737452675756 -0.00857977004499868 -0.018404112622323 0.04772103599748 0.0610103010133505 0.0738331416910502
-0.0377941946032982 -0.0205594743853705 -0.00857977004499868 0.0920046273399204 -0.00625281014570607 -0.027691039773715 -0.0554590878968189 0.071170093314234
0.0913107226509037 -0.035864784888569 -0.018404112622323 -0.00625281014570607 -0.000330003089370748 0.0259609489979814 0.0138871271463102 -0.0443447549258947
0.0414644850528579 0.0157079752159695 0.04772103599748 -0.027691039773715 0.0259609489979814 0.0461659261032833 0.0737524459945312 -0.0185288118732191
0.0343062824536669 0.00753162964411266 0.0610103010133505 -0.0554590878968189 0.0138871271463102 0.0737524459945312 0.206042372554659 -0.0335832583029052
-0.095426482271772 0.0805880647733606 0.0738331416910502 0.071170093314234 -0.0443447549258947 -0.0185288118732191 -0.0335832583029052 0.11363036911857
