0.0587294754992863 -0.0205142983701763 -0.00982279873655885 -0.0275257964341065 0.0584861769113972 0.040356589006694 -0.00649599314658665 -0.0554544427811806
-0.0205142983701763 0.0338068996466446 0.0569372251787338 -0.00839125172917072 0.000953075071479659 0.0319473942240448 0.0205164184944239 0.0204909955115678
-0.00982279873655885 0.0569372251787338 0.0554116138847553 -0.0271242035594325 0.0194506800804611 0.0360889778123707 0.0525675903601812 0.0178998669983904
-0.0275257964341065 -0.00839125172917071 -0.0271242035594325 0.0625731324353802 -0.0109147172494374 -0.0529654630347772 -0.0294749170582785 0.0262084170829444
0.0584861769113972 0.000953075071479654 0.0194506800804611 -0.0109147172494374 0.0146064097797245 0.0522101987576709 0.0163215208236082 -0.0338056341051626
0.040356589006694 0.0319473942240448 0.0360889778123707 -0.0529654630347772 0.0522101987576709 0.0432364811432735 -0.0144892283542406 0.00289163369024171
-0.00649599314658665 0.0205164184944239 0.0525675903601812 -0.0294749170582785 0.0163215208236082 -0.0144892283542406 0.103560227729908 -0.0257163373299595
-0.0554544427811806 0.0204909955115678 0.0178998669983904 0.0262084170829444 -0.0338056341051626 0.00289163369024171 -0.0257163373299595 0.0478683632904951
