0.0667719598275566 -0.0508074857723367 -0.0484476201300377 -0.0244619968001422 0.0716163799721566 -0.00256180516805325 0.0489008650864113 -0.0594990810470624
-0.0508074857723367 0.0923304744007237 0.0895840869686251 0.065646633244054 -0.0336636927823133 0.0487639750220569 -0.0393192279813747 0.102028121128325
-0.0484476201300377 0.0895840869686251 0.115940571446786 0.0346067533565825 -0.036474301914214 -0.000990011826815168 0.0658278505449247 0.0714845408189507
-0.0244619968001422 0.065646633244054 0.0346067533565825 0.127002412321242 -0.0275719083095415 -0.00501593425671652 0.0154193711840787 0.0815129958601667
0.0716163799721566 -0.0336636927823133 -0.036474301914214 -0.0275719083095415 -0.0659535872446437 -0.0106770153653027 0.0861362726136857 -0.0495270088671268
-0.00256180516805326 0.0487639750220569 -0.000990011826815175 -0.00501593425671651 -0.0106770153653027 0.05718845441014 -0.163200791232065 0.0459140041985588
0.0489008650864114 -0.0393192279813747 0.0658278505449247 0.0154193711840787 0.0861362726136857 -0.163200791232065 0.296424438242297 -0.0767549974673614
-0.0594990810470624 0.102028121128325 0.0714845408189507 0.0815129958601667 -0.0495270088671268 0.0459140041985588 -0.0767549974673614 0.0965838231405656
