0.196952051120972 -0.10961169334068 -0.0594725430228665 -0.044967176440718 0.177601750532044 0.113036035519544 0.117739930478818 -0.150006939683399
-0.10961169334068 0.104012853887643 0.0631614693627179 0.0158025342282445 -0.10950713933086 -0.041295655363144 -0.0641698698889141 0.0863097087240202
-0.0594725430228665 0.0631614693627179 0.0321794542521055 -0.0116910984640096 -0.0645187631730379 -0.0108279771594334 0.0576568104929072 0.0220061901788818
-0.044967176440718 0.0158025342282445 -0.0116910984640096 0.0698363443990629 -0.0349738906778614 -0.0281931838465233 -0.0923619513054513 0.101491676438702
0.177601750532044 -0.10950713933086 -0.0645187631730379 -0.0349738906778614 0.0819776078671778 0.0766873467781625 0.15014624538139 -0.127808865645319
0.113036035519544 -0.041295655363144 -0.0108279771594334 -0.0281931838465233 0.0766873467781625 0.0242071094500427 0.0784060166707206 -0.0818738389021533
0.117739930478818 -0.0641698698889141 0.0576568104929072 -0.0923619513054513 0.15014624538139 0.0784060166707206 0.359680936604739 -0.173000942210916
-0.150006939683399 0.0863097087240202 0.0220061901788818 0.101491676438702 -0.127808865645319 -0.0818738389021533 -0.173000942210916 0.147724204489165
