0.0291888269796197 -0.007591199000069 -0.00317361133089565 -0.0336343789562767 0.0160336549353476 0.0151563198864892 0.0176301019433001 -0.0324927645481138
-0.007591199000069 0.0258189928681921 0.05132750991602 -0.0124362974922178 -0.00763314020008185 0.00285566114081328 0.0445504542657318 0.00059894935287507
-0.00317361133089565 0.05132750991602 0.0826174032811576 -0.0357265170338697 0.000790013471154312 0.00464757943003783 0.10811834295494 0.0071241289375425
-0.0336343789562767 -0.0124362974922178 -0.0357265170338697 0.0690927132629415 -0.00318707715124033 -0.00898347511777403 -0.058462606616057 0.0545650377084187
0.0160336549353475 -0.00763314020008184 0.000790013471154308 -0.00318707715124033 -0.0670154139724227 0.0256303822896903 -0.0245607817217769 0.0119421271079078
0.0151563198864892 0.00285566114081328 0.00464757943003783 -0.00898347511777403 0.0256303822896903 -0.02757079472949 0.0134442157594665 0.00353278223701258
0.0176301019433001 0.0445504542657318 0.10811834295494 -0.058462606616057 -0.0245607817217769 0.0134442157594665 0.13869540285308 -0.0260533135740252
-0.0324927645481138 0.000598949352875071 0.0071241289375425 0.0545650377084187 0.0119421271079078 0.00353278223701258 -0.0260533135740252 0.0139602180418844
