0.0534935655008409 -0.046727957792939 -0.0415877089407747 0.00340797425059662 0.0521341495487225 0.0169027169933417 -0.0107998301259824 -0.0525668290880451
-0.046727957792939 0.0828925813107183 0.0845386974240126 -0.00444696122832287 -0.0245552639820774 0.0112048851887234 0.0349028084134354 0.0709309122954368
-0.0415877089407747 0.0845386974240126 0.153048084701389 -0.0508443573203299 -0.0466336026042585 0.0422543910637526 0.110216568564451 0.032620670030309
0.00340797425059662 -0.00444696122832287 -0.0508443573203299 0.0647735186021145 0.0310949160096891 -0.0106893881174682 -0.0203973833992392 0.0236354226805963
0.0521341495487225 -0.0245552639820774 -0.0466336026042585 0.0310949160096891 -0.0240452698789482 0.0101179494181448 0.02318585393007 -0.00820992732359608
0.0169027169933417 0.0112048851887234 0.0422543910637526 -0.0106893881174682 0.0101179494181448 -0.000677475831794968 0.0323908476502391 0.00826546588202615
-0.0107998301259824 0.0349028084134354 0.110216568564451 -0.0203973833992392 0.02318585393007 0.0323908476502391 0.0867941603057004 0.0128263480705922
-0.0525668290880451 0.0709309122954368 0.032620670030309 0.0236354226805963 -0.00820992732359608 0.00826546588202614 0.0128263480705922 0.0686000611721496
