0.0510705480579642 -0.0630546948837268 -0.0273520587073414 -0.0530277938141466 0.0414900096247597 0.0192095043487137 -0.0241218430092568 -0.0632628815152603
-0.0630546948837268 0.0872844574937559 0.0966819856429912 0.0710881883176856 -0.0327657420104472 -0.0139751806326048 0.0601654705622781 0.0812102511524278
-0.0273520587073414 0.0966819856429912 0.108913715720622 0.0406390004556276 -0.00794067179950835 -0.0289364955533074 0.119645895988999 0.0320037690447293
-0.0530277938141466 0.0710881883176856 0.0406390004556276 0.151459303108331 -0.0227020900910888 -0.0390853372195895 -0.0585629070219351 0.109396010120657
0.0414900096247597 -0.0327657420104472 -0.00794067179950835 -0.0227020900910888 -0.0245141629933846 -0.0166141213736391 0.0651446549601107 -0.0479404923968133
0.0192095043487137 -0.0139751806326048 -0.0289364955533074 -0.0390853372195895 -0.0166141213736391 -0.00693467606475926 -0.0780855670735452 0.0127303823840088
-0.0241218430092568 0.0601654705622781 0.119645895988999 -0.0585629070219351 0.0651446549601107 -0.0780855670735452 0.33407319310327 -0.0634763460668814
-0.0632628815152603 0.0812102511524278 0.0320037690447293 0.109396010120657 -0.0479404923968133 0.0127303823840088 -0.0634763460668814 0.102148152473027
