0.129868399281029 -0.11362658403575 -0.0414213244887539 -0.0460140397993254 0.12111814139803 0.0570169108278477 0.0306178462703531 -0.119947362974257
-0.11362658403575 0.147854371429568 0.108833263844372 0.049924057116467 -0.076942179414579 -0.0152777911249587 0.0432003590921664 0.12818679448913
-0.0414213244887539 0.108833263844372 0.0741748108535362 0.0103991775960904 -0.0517581010397996 0.00242478800287545 0.0820430079602302 0.0542046339259559
-0.0460140397993254 0.049924057116467 0.0103991775960904 0.17350491506215 -0.0500902917640145 -0.0466335586805657 -0.0306895808723941 0.102195244091386
0.12111814139803 -0.076942179414579 -0.0517581010397996 -0.0500902917640145 0.058887355416317 0.0556847990329383 0.0499453492933708 -0.10015305516365
0.0570169108278477 -0.0152777911249587 0.00242478800287545 -0.0466335586805657 0.0556847990329383 0.0348574023930031 -0.0469839290926534 -0.004401042449605
0.0306178462703531 0.0432003590921664 0.0820430079602302 -0.0306895808723941 0.0499453492933708 -0.0469839290926534 0.148739462298532 -0.0452596611063158
-0.119947362974257 0.12818679448913 0.0542046339259559 0.102195244091386 -0.10015305516365 -0.00440104244960501 -0.0452596611063158 0.14164537173484
