0.073682507890555 -0.0422968759848906 0.00580741256703694 0.00198819251590333 0.0646680550593417 0.0597293041020244 0.0779452366273368 -0.0332384184745149
-0.0422968759848906 0.08277578244212 0.0826517451933126 -0.0173025773417956 0.013105895987918 -0.00132588360130746 0.0264579437993607 0.0446072972451757
0.00580741256703693 0.0826517451933126 0.120510072512422 -0.0524340543560847 0.0157119329489898 0.049129697960767 0.118800372712701 0.0127775818298049
0.00198819251590333 -0.0173025773417956 -0.0524340543560847 0.156843914865412 0.00979282284734959 -0.0311857039364951 0.0051206163708015 0.070424125791703
0.0646680550593417 0.013105895987918 0.0157119329489898 0.00979282284734959 0.0170151545658943 0.038072003456509 0.112481094256259 0.0258259097724437
0.0597293041020244 -0.00132588360130746 0.049129697960767 -0.0311857039364951 0.038072003456509 0.0190751908865237 0.0670429555562658 -0.0210003417384078
0.0779452366273368 0.0264579437993607 0.118800372712701 0.0051206163708015 0.112481094256259 0.0670429555562658 0.29658595939297 -0.0118147432112604
-0.0332384184745149 0.0446072972451757 0.0127775818298049 0.070424125791703 0.0258259097724437 -0.0210003417384078 -0.0118147432112604 0.0726160724587989
