0.0749599035635782 -0.0601147287766867 -0.0410240584052381 -0.0237332343999251 0.0998749158372937 0.0342492587627925 0.0373355281637864 -0.0267417207648283
-0.0601147287766867 0.110312081721308 0.122474160670587 -0.0254478370074054 -0.0237415842104334 0.0204476968283448 0.035845427664734 0.0320291612503128
-0.0410240584052381 0.122474160670587 0.178766667248215 -0.0663257798492744 -0.034404992782228 0.0201799754389198 0.107705437725341 0.0182163400053233
-0.0237332343999251 -0.0254478370074054 -0.0663257798492744 0.13789043249422 -0.0666844975463681 -0.0359446890229618 -0.0414743018729705 0.0568351537636539
0.0998749158372937 -0.0237415842104334 -0.034404992782228 -0.0666844975463681 0.103171689066909 0.0601723033068281 0.0570787218233551 0.00567439414203902
0.0342492587627925 0.0204476968283448 0.0201799754389198 -0.0359446890229618 0.0601723033068281 0.0153155691014113 -0.00870482350232132 0.00177644449099131
0.0373355281637864 0.035845427664734 0.107705437725341 -0.0414743018729705 0.0570787218233551 -0.00870482350232132 0.187863214397973 -0.00799957557740161
-0.0267417207648283 0.0320291612503128 0.0182163400053233 0.0568351537636539 0.00567439414203903 0.00177644449099131 -0.00799957557740161 0.0442672878112534
