0.0903882526555205 -0.0467982774376129 -0.0452042817756298 -0.0449399967850208 0.0819508137237339 0.0464646946094248 -0.0495514192839602 -0.058804524627081
-0.0467982774376129 0.0580556572534775 0.0936332269129389 0.00694286188223275 -0.0293862342258461 0.0106522041489803 0.0538271175673069 0.0536930477858318
-0.0452042817756298 0.0936332269129389 0.172929952619868 -0.0134532611695926 -0.0838113516316114 0.0469344143637485 0.180118441176033 0.0470696421665215
-0.0449399967850208 0.00694286188223275 -0.0134532611695926 0.111580237726138 0.0234418194455313 -0.0511489601195458 0.000847033770995713 0.0620283847145911
0.0819508137237339 -0.0293862342258461 -0.0838113516316114 0.0234418194455313 0.0322918810554653 -0.00489314864964202 -0.0418193581222671 -0.0255258094449921
0.0464646946094248 0.0106522041489803 0.0469344143637485 -0.0511489601195458 -0.00489314864964202 0.021797856887726 -0.00685112891853804 -0.00136303031521002
-0.0495514192839602 0.0538271175673069 0.180118441176033 0.000847033770995714 -0.0418193581222671 -0.00685112891853803 0.264158505821305 0.0252724935922887
-0.058804524627081 0.0536930477858318 0.0470696421665215 0.0620283847145911 -0.0255258094449921 -0.00136303031521002 0.0252724935922887 0.067250541253036
