0.0642181500306718 -0.051794917891004 -0.0418008152579132 -0.00479014406487256 0.064536787332363 0.0543743487372366 0.0546494855163695 -0.0445058525826658
-0.051794917891004 0.0874808240303323 0.109003215820561 -0.0481538409128241 -0.0019986989864168 0.0171377450242676 0.0138728478869463 0.0262979535526094
-0.0418008152579132 0.109003215820561 0.122333679250431 -0.0503517089414001 -0.0102440676512148 0.0253985311779466 0.109247785412514 0.0295370347344304
-0.00479014406487256 -0.0481538409128241 -0.0503517089414001 0.103412675971023 -0.0365602861462445 -0.0280203724819658 -0.0265679546452839 0.0429748353096505
0.064536787332363 -0.00199869898641681 -0.0102440676512148 -0.0365602861462445 -0.0331924875500491 0.0468173142404585 0.0241712572048617 -0.0366016856600031
0.0543743487372366 0.0171377450242676 0.0253985311779466 -0.0280203724819658 0.0468173142404585 0.0493512976257844 0.0453675235167874 -0.0243257163946065
0.0546494855163695 0.0138728478869463 0.109247785412514 -0.0265679546452839 0.0241712572048617 0.0453675235167874 0.294756844802505 -0.0370523780920181
-0.0445058525826658 0.0262979535526094 0.0295370347344304 0.0429748353096505 -0.0366016856600031 -0.0243257163946065 -0.0370523780920181 0.0300059085648613
