0.0765180135216785 -0.0696837275210356 -0.0772481264020358 -0.0356401519381797 0.0855194122957393 0.0599257236276666 -0.0267933658598693 -0.0363370096583772
-0.0696837275210356 0.125901122920328 0.171127186371212 0.0102831405695267 -0.0110934630640008 -0.0192960393445878 0.105287769856824 0.0209256772509885
-0.0772481264020358 0.171127186371212 0.230712714788506 -0.0197407706345346 -0.0245732393869359 -0.0497707617380141 0.194685470351031 -0.0351203068123876
-0.0356401519381797 0.0102831405695267 -0.0197407706345346 0.116280959451092 -0.0290092133882397 -0.0241590585275675 -0.0596152627118523 0.115619108744033
0.0855194122957393 -0.0110934630640008 -0.0245732393869359 -0.0290092133882397 0.0067542608383442 0.0360168528064988 0.042714822122617 -0.0409085947318008
0.0599257236276666 -0.0192960393445878 -0.0497707617380141 -0.0241590585275675 0.0360168528064988 0.00325650224219069 -0.0505725597626943 0.00642508670142002
-0.0267933658598693 0.105287769856824 0.194685470351031 -0.0596152627118523 0.042714822122617 -0.0505725597626943 0.197740939980288 -0.0929215448767425
-0.0363370096583772 0.0209256772509885 -0.0351203068123876 0.115619108744033 -0.0409085947318009 0.00642508670142001 -0.0929215448767425 0.117318266145538
