0.0744960433053139 -0.0469393421348453 -0.0215099548152851 -0.021230953834341 0.0405299735889026 0.0495523332362193 -0.0142900599186946 -0.0574440164191078
-0.0469393421348453 0.0510774272027883 0.0541736358334126 0.0118576244691398 -0.010037006188377 -0.00920770817388161 0.0587558709050604 0.03591360265186
-0.0215099548152851 0.0541736358334126 0.0404705917629906 -0.0228870639844786 -0.0338890844701943 0.00361781856893499 0.0612692800023391 0.0319547418973907
-0.021230953834341 0.0118576244691398 -0.0228870639844786 0.0827259190844681 0.0140079752764012 -0.0411118997692919 -0.02491173859373 0.0377024596916484
0.0405299735889027 -0.010037006188377 -0.0338890844701943 0.0140079752764012 0.0658608424535813 -0.0036973188986001 0.0496999615926776 -0.0474283638376002
0.0495523332362193 -0.00920770817388161 0.00361781856893498 -0.0411118997692919 -0.0036973188986001 0.0108072661349215 -0.0487146732801275 -0.010857583318789
-0.0142900599186946 0.0587558709050604 0.0612692800023391 -0.02491173859373 0.0496999615926776 -0.0487146732801275 0.128249419569695 -0.0170842925928376
-0.0574440164191078 0.03591360265186 0.0319547418973907 0.0377024596916484 -0.0474283638376002 -0.010857583318789 -0.0170842925928376 0.0723859863348945
