0.14382102732916 -0.124556189751245 -0.0786290912020636 -0.0967962298805179 0.0549134301005008 0.0860251062180609 0.0471578029844674 -0.133872648547902
-0.124556189751245 0.129146386961374 0.112964733137899 0.0662292005494568 -0.0209001672567764 -0.0367516937235252 0.0085570081221746 0.143497503560409
-0.0786290912020636 0.112964733137899 0.103484381304022 0.0211350071695815 -0.0523335040063497 -0.0113650873504675 0.00994929504422366 0.121193648560934
-0.0967962298805179 0.0662292005494568 0.0211350071695815 0.147219143369901 -0.0291409629287043 -0.0856001853920394 -0.0228227291787884 0.0833921845722459
0.0549134301005008 -0.0209001672567764 -0.0523335040063497 -0.0291409629287043 -0.0219886012451553 0.0225181624392359 0.120334639277405 -0.0630392213049142
0.0860251062180609 -0.0367516937235252 -0.0113650873504675 -0.0856001853920394 0.0225181624392359 0.0344159557142372 -0.021236400832695 -0.0357414260337683
0.0471578029844673 0.0085570081221746 0.00994929504422366 -0.0228227291787884 0.120334639277405 -0.021236400832695 0.246607401067834 -0.0601193282316137
-0.133872648547902 0.143497503560409 0.121193648560934 0.0833921845722459 -0.0630392213049142 -0.0357414260337683 -0.0601193282316136 0.166762896305833
