0.0494946520302395 -0.0225029241164087 -0.00877703093779278 -0.0172869126878085 0.0638650212343684 0.0640188170947609 0.0242262028294345 0.00285465452474748
-0.0225029241164087 0.0188611681864758 0.0294359426868159 -0.00919817634875237 -0.0125273958724204 -0.00936948217802016 0.00404774548386047 0.0193466938855781
-0.00877703093779278 0.0294359426868159 0.0245527026656226 -0.0216480762040993 -0.00184916333745062 0.0136497425200353 0.0250767833776036 0.0343894568563348
-0.0172869126878085 -0.00919817634875237 -0.0216480762040993 0.0581737814201615 0.0144482818877277 -0.033505949446917 0.000292035771316734 -0.000791361908385569
0.0638650212343684 -0.0125273958724204 -0.00184916333745061 0.0144482818877277 0.053951946701874 0.0901998673416381 0.0560860608172343 0.0684680085761225
0.0640188170947609 -0.00936948217802016 0.0136497425200353 -0.033505949446917 0.0901998673416381 0.121962308456189 0.00790311671373365 0.0685330975249854
0.0242262028294345 0.00404774548386048 0.0250767833776036 0.000292035771316732 0.0560860608172343 0.00790311671373365 0.00643592527883371 0.0122251220887387
0.00285465452474748 0.0193466938855781 0.0343894568563348 -0.000791361908385566 0.0684680085761225 0.0685330975249854 0.0122251220887387 0.0823990101105213
