0.0556966040848618 -0.0200267576084511 0.00918906266861778 -0.018248046213701 0.0789369201556143 0.0350183268407302 0.067029369107822 -0.0343546923908934
-0.0200267576084511 0.0527989234065122 0.0359376992174475 -0.00633846417605615 -0.0183570297447793 0.0166705817885323 0.0035112692882919 0.0401037351173564
0.00918906266861778 0.0359376992174475 0.0848950538798203 -0.0111236270606858 -0.00689278276287114 0.0085258103840582 0.0604695034832091 0.0274482703755252
-0.018248046213701 -0.00633846417605615 -0.0111236270606858 0.0425417166584953 -0.0320249752090241 -0.0373818235796257 -0.00379397988266661 0.0333048638446499
0.0789369201556143 -0.0183570297447793 -0.00689278276287114 -0.0320249752090241 0.0488792641693754 0.0406266295033227 0.0924043328134827 -0.0636005046573986
0.0350183268407302 0.0166705817885323 0.0085258103840582 -0.0373818235796257 0.0406266295033227 -0.00712335356824162 0.0201232869992305 -0.00201005148625391
0.067029369107822 0.00351126928829191 0.0604695034832091 -0.00379397988266661 0.0924043328134827 0.0201232869992305 0.0817703059538568 -0.0387659595107406
-0.0343546923908934 0.0401037351173564 0.0274482703755252 0.0333048638446499 -0.0636005046573986 -0.00201005148625392 -0.0387659595107406 0.0596401070938016
