0.0801665561739205 -0.0545642749736116 -0.0783614439675364 -0.00491763047355053 0.0570809869432972 0.039074807697372 -0.0127954967864933 -0.0876470983824437
-0.0545642749736116 0.0685821001914432 0.0822060427904861 0.0350280354338886 -0.0126575185168862 -0.0240714992789977 0.0529962018690924 0.0746172063710342
-0.0783614439675364 0.0822060427904861 0.115152479422038 0.00680648028350169 -0.0390588264322269 -0.0412626500169624 0.110228090373706 0.0935846150565681
-0.00491763047355053 0.0350280354338886 0.00680648028350169 0.0790634848279994 -0.017537224053386 -0.0143195075544063 0.0124374884729369 0.0419658405745847
0.0570809869432972 -0.0126575185168862 -0.0390588264322269 -0.017537224053386 -0.0070189237304131 -0.00700420080790881 0.0484642656704079 -0.043256330292706
0.039074807697372 -0.0240714992789977 -0.0412626500169624 -0.0143195075544063 -0.00700420080790879 0.0649247693931426 -0.0699294141994811 -0.0144616822902837
-0.0127954967864933 0.0529962018690924 0.110228090373706 0.0124374884729369 0.0484642656704079 -0.0699294141994811 0.177411814413178 0.0116867510973564
-0.0876470983824437 0.0746172063710342 0.0935846150565681 0.0419658405745847 -0.043256330292706 -0.0144616822902837 0.0116867510973564 0.0908740340961494
