0.0567677001412449 -0.0229386586115079 -0.00926824955987823 -0.0442663707568776 0.0388397915165623 0.0408624274249263 -0.0145581669755384 -0.0343920796039532
-0.0229386586115079 0.0614113647094271 0.0502062267097089 -0.00338955803355278 0.0278539312270172 0.0105059273316908 0.0511598750722702 0.045125563120138
-0.00926824955987823 0.0502062267097089 0.0355784809244303 -0.0115213167171558 -0.00360111092049497 -0.00174570506199224 0.0668908840486899 0.0143185567952508
-0.0442663707568776 -0.00338955803355279 -0.0115213167171558 0.0997913934067663 -0.0438368572197586 -0.0270045581735039 0.0203331660329748 0.0643976488485527
0.0388397915165623 0.0278539312270172 -0.00360111092049498 -0.0438368572197586 0.0774773640463003 0.0217965397817602 0.0226063439338786 -0.0319735589603801
0.0408624274249263 0.0105059273316908 -0.00174570506199224 -0.0270045581735039 0.0217965397817602 -0.0119338062850051 -0.0201136282935174 0.00750732993872633
-0.0145581669755384 0.0511598750722702 0.0668908840486899 0.0203331660329748 0.0226063439338786 -0.0201136282935174 0.109772954556355 0.0110085636440529
-0.0343920796039532 0.045125563120138 0.0143185567952508 0.0643976488485527 -0.0319735589603801 0.00750732993872633 0.0110085636440529 0.0680738563375307
