0.106696692468724 -0.0773422004634013 -0.0334872179656287 -0.0522858761248219 0.100692421773303 0.0505414490740134 -0.0147503028588581 -0.0840599713899188
-0.0773422004634013 0.0761093374626483 0.0497507305122932 0.0477689356688473 -0.0305668307333194 -0.0434318793864337 0.0534710514162212 0.0636816820448798
-0.0334872179656287 0.0497507305122932 0.0950960836155416 0.000116783308714832 -0.0160166457532451 0.00611269054158778 0.0701057170064508 0.0487096967263864
-0.0522858761248219 0.0477689356688473 0.000116783308714832 0.0601712212649916 0.00043223040124766 -0.0510061583338917 0.0128569318114109 0.0499135174474405
0.100692421773303 -0.0305668307333194 -0.0160166457532451 0.00043223040124766 0.0333671722441329 0.0301826001753221 0.0302661137454529 -0.0586455119578076
0.0505414490740134 -0.0434318793864337 0.00611269054158778 -0.0510061583338917 0.0301826001753221 0.0302375647530709 -0.0296359721851006 -0.0177181079882121
-0.0147503028588581 0.0534710514162212 0.0701057170064508 0.0128569318114109 0.0302661137454529 -0.0296359721851006 0.0214441944666557 0.0108299798807916
-0.0840599713899188 0.0636816820448798 0.0487096967263864 0.0499135174474405 -0.0586455119578076 -0.0177181079882121 0.0108299798807916 0.100167783826516
