0.0456548268181542 -0.0402758562938417 -0.0302273736705231 -0.0318152749183384 0.0583667025483487 0.032411217431071 0.0279746345151416 -0.0593981516467115
-0.0402758562938417 0.119048991583337 0.117837446565694 0.0264337390060054 -0.0151473203253509 0.0208942919605374 0.0519337724969029 0.0630737034393582
-0.0302273736705231 0.117837446565694 0.103178249468397 -0.0133483570518268 -0.0303748638455064 0.0396717776113325 0.0841644406535725 0.0341833577784498
-0.0318152749183384 0.0264337390060054 -0.0133483570518268 0.0994329258925117 0.0308787390248448 -0.037911077363689 -0.0456178987640372 0.106271134077823
0.0583667025483487 -0.0151473203253509 -0.0303748638455064 0.0308787390248448 0.093067149625634 -0.0376420970685888 0.140164544857309 -0.0427192668620509
0.032411217431071 0.0208942919605374 0.0396717776113325 -0.037911077363689 -0.0376420970685888 0.0284109174045028 -0.00915001760429586 -0.0127475805013569
0.0279746345151416 0.0519337724969029 0.0841644406535725 -0.0456178987640372 0.140164544857309 -0.00915001760429587 0.21387283136717 -0.0668784462699065
-0.0593981516467115 0.0630737034393582 0.0341833577784498 0.106271134077823 -0.0427192668620509 -0.0127475805013569 -0.0668784462699065 0.147228707007395
