0.0751858012626785 -0.0102273434597638 -0.0130276321853726 -0.0399135047701629 0.079034192718413 0.0583207987957702 0.079794413906642 -0.0375874839981904
-0.0102273434597638 0.0860821488842083 0.0965193204472724 -0.0143648614602531 0.0453854992926685 0.0278456227552412 0.0778744504811998 0.0362969146845358
-0.0130276321853726 0.0965193204472724 0.172720764819735 -0.0343718633779481 0.0362814742706812 0.0588990091418622 0.139099795524115 0.0333400134962212
-0.0399135047701629 -0.0143648614602531 -0.0343718633779481 0.134409851242626 -0.0202335033739924 -0.0689379676482578 0.00132200655213044 0.0701232409634219
0.079034192718413 0.0453854992926685 0.0362814742706812 -0.0202335033739924 0.026687540645036 0.0248131461219822 0.157841482479915 0.022290082245701
0.0583207987957702 0.0278456227552412 0.0588990091418622 -0.0689379676482578 0.0248131461219822 0.0411206921755629 0.0388772444199265 -0.00773144001217299
0.079794413906642 0.0778744504811998 0.139099795524115 0.00132200655213044 0.157841482479915 0.0388772444199265 0.30490341242978 -0.02480682750544
-0.0375874839981904 0.0362969146845358 0.0333400134962212 0.0701232409634219 0.022290082245701 -0.00773144001217299 -0.02480682750544 0.0542185672980318
