0.0445528811547026 -0.0298411168875322 -0.0114516687686547 -0.0140499591875048 0.0483938273926262 0.0349667555778665 0.0403526064919724 -0.0290899710698957
-0.0298411168875322 0.057756068238049 0.0585156582760625 -0.0250770764969566 -0.0114766175396132 -0.00193205451677397 -0.0401958166190954 0.0507164406121234
-0.0114516687686547 0.0585156582760625 0.0487102721635006 -0.0287996365864152 0.00172300009299358 0.0376275285805722 0.0157228735763055 0.0217542022131345
-0.0140499591875048 -0.0250770764969566 -0.0287996365864152 0.0342138195326228 -0.0037566072478867 -0.0318733231293238 0.0255284620326978 -0.00177985306947458
0.0483938273926262 -0.0114766175396132 0.00172300009299357 -0.0037566072478867 -0.0476544710882726 0.0125997905359662 0.0336168065954637 -0.00290849189024036
0.0349667555778665 -0.00193205451677398 0.0376275285805722 -0.0318733231293238 0.0125997905359662 0.0236452702611176 0.0208622960408416 -0.00865350156340822
0.0403526064919724 -0.0401958166190953 0.0157228735763055 0.0255284620326978 0.0336168065954637 0.0208622960408416 0.241055480714403 -0.057703828229428
-0.0290899710698957 0.0507164406121234 0.0217542022131345 -0.00177985306947458 -0.00290849189024036 -0.00865350156340822 -0.057703828229428 0.0446840491976691
