0.0288279080907639 -0.00187520889866847 -0.00273840318520967 0.00431290321769462 0.0370756692914118 0.0113268784078542 0.0175626690874622 -0.0274299594572242
-0.00187520889866847 0.0393225187484853 0.0413516565905038 0.0206172996010096 0.0114850532019586 0.00924812813654312 0.0086708521432112 0.0407380431991614
-0.00273840318520967 0.0413516565905038 0.0409578391132035 0.0172268390781477 -0.00372368860269257 0.00700924428702084 0.0284149700715877 0.0314938022115303
0.00431290321769462 0.0206172996010096 0.0172268390781477 0.0266627193832591 0.00616460024512386 -0.00508080071896052 0.0190098017230435 0.0404957706957165
0.0370756692914118 0.0114850532019586 -0.00372368860269256 0.00616460024512386 -0.0445625097109668 0.019907095643459 0.0111583070161384 -0.0120514973709405
0.0113268784078542 0.00924812813654312 0.00700924428702084 -0.00508080071896052 0.019907095643459 -0.025291005101639 -0.0194240875187466 0.00477263132304069
0.0175626690874622 0.0086708521432112 0.0284149700715877 0.0190098017230435 0.0111583070161384 -0.0194240875187466 0.0996068316663485 -0.0186331090227094
-0.0274299594572242 0.0407380431991614 0.0314938022115303 0.0404957706957165 -0.0120514973709405 0.00477263132304069 -0.0186331090227094 0.0755212490391428
