0.2036718656209 -0.115594172055783 -0.12979015761917 -0.0856342105456829 0.108426970311978 0.0729656228892312 -0.0557126915345295 -0.0634871475074199
-0.115594172055783 0.0973142248196207 0.12579132673949 0.0542175714011407 -0.0325236738651506 -0.00744855023355877 0.0617099703722776 0.0817251299754123
-0.12979015761917 0.12579132673949 0.205481963374624 0.0756821991527356 -0.0611584130323097 -0.0168103442728186 0.0810051930352959 0.108749083000181
-0.085634210545683 0.0542175714011407 0.0756821991527356 0.207467972057219 -0.0182569530848689 -0.0814764237592699 -0.0403161867112083 0.132428313139537
0.108426970311979 -0.0325236738651506 -0.0611584130323097 -0.0182569530848689 0.0525047626012118 -0.0143837555670104 0.0808047892441541 -0.0814636368092411
0.0729656228892312 -0.00744855023355876 -0.0168103442728186 -0.0814764237592699 -0.0143837555670104 0.0187275503407402 -0.0709349421070485 -0.0173940750246325
-0.0557126915345295 0.0617099703722776 0.081005193035296 -0.0403161867112083 0.0808047892441541 -0.0709349421070485 0.109452275602327 -0.0288655655586815
-0.0634871475074199 0.0817251299754123 0.108749083000181 0.132428313139537 -0.0814636368092411 -0.0173940750246325 -0.0288655655586815 0.108239723591785
