0.0513386925581947 -0.0388636148613024 -0.0418939239382041 -0.0181880782334099 0.0659545626903656 -0.00395091540933586 0.0612830581556502 -0.0608877557855967
-0.0388636148613024 0.0417624873251093 0.064036574134014 -0.0126592390550961 -0.0306355865138306 0.0196212316699822 -0.0534979088058495 0.0322001664206901
-0.0418939239382041 0.064036574134014 0.0591584299708294 -0.0167521445239724 -0.0333466498270777 0.0542440032576695 -0.0582008699016037 0.0388714496179637
-0.0181880782334099 -0.0126592390550961 -0.0167521445239724 0.0558620069794428 -0.00883400458104853 -0.0107162655109986 -0.0145289084849651 0.0520400605791356
0.0659545626903656 -0.0306355865138306 -0.0333466498270777 -0.00883400458104853 -0.0100344715150565 -0.0121898659169318 0.0716289138137794 -0.0439421680549021
-0.00395091540933586 0.0196212316699822 0.0542440032576695 -0.0107162655109986 -0.0121898659169318 0.0149417827278798 -0.0210869442128681 0.0133945899033489
0.0612830581556502 -0.0534979088058496 -0.0582008699016037 -0.014528908484965 0.0716289138137794 -0.0210869442128681 0.125566012657179 -0.0958745330277638
-0.0608877557855967 0.0322001664206901 0.0388714496179637 0.0520400605791356 -0.0439421680549021 0.0133945899033489 -0.0958745330277638 0.0722281469896434
