0.0741558272938144 -0.0312541909166717 -0.04665065969851 -0.00947211133858286 0.0934992136320773 0.0398334162026694 5.79589366977521e-05 -0.0409713269994023
-0.0312541909166717 0.0882339141447759 0.0755093655540552 0.0237142224779982 -0.0352017595281783 0.00167116306081243 0.0691623430058707 0.00812330969742892
-0.04665065969851 0.0755093655540552 0.0920271460845721 -0.0219221910892264 -0.0384208750910823 0.0173406060403858 0.0813821767358248 0.00827855294840312
-0.00947211133858286 0.0237142224779982 -0.0219221910892264 0.0992103460374973 -0.0685663148272371 -0.0456164978726419 -0.0216479586120679 0.0634965687973227
0.0934992136320773 -0.0352017595281783 -0.0384208750910823 -0.0685663148272371 0.0340635119483232 0.0501688916644318 0.048671859829216 -0.0563247419820776
0.0398334162026694 0.00167116306081243 0.0173406060403858 -0.0456164978726419 0.0501688916644318 -0.00168110350194775 0.004425967877651 -0.0204489295152391
5.79589366977574e-05 0.0691623430058707 0.0813821767358248 -0.0216479586120679 0.048671859829216 0.00442596787765099 0.152095352737541 -0.0450939212903407
-0.0409713269994023 0.00812330969742893 0.00827855294840312 0.0634965687973227 -0.0563247419820776 -0.0204489295152391 -0.0450939212903407 0.0797804435053044
