0.0482347327689084 -0.025204075257845 -0.0149566892994769 -0.0250386648267638 0.0420234611008544 0.026534306972965 -0.0249169443174345 -0.0333621645637667
-0.025204075257845 0.0480601118364497 0.0889973312235215 -0.0435951306802149 -0.0289101782835693 0.0197219513019118 0.0499738782880499 0.0142284195939356
-0.0149566892994769 0.0889973312235215 0.113538341613838 -0.0595401117709024 -0.0506175473096464 0.0310432074193778 0.0668307208250166 0.0324701523849609
-0.0250386648267638 -0.0435951306802149 -0.0595401117709024 0.118680845747052 0.0156701719087777 -0.0447660584272561 -0.0041733954223664 0.0504963091478739
0.0420234611008544 -0.0289101782835693 -0.0506175473096464 0.0156701719087777 0.0519581215937402 0.00100337728840414 0.0132905633366042 -0.0180832733958775
0.026534306972965 0.0197219513019118 0.0310432074193778 -0.0447660584272561 0.00100337728840414 0.00344687943272362 -0.0412061821602709 -0.0262783749044897
-0.0249169443174345 0.0499738782880499 0.0668307208250166 -0.0041733954223664 0.0132905633366042 -0.0412061821602709 0.104394781507091 0.0238314882966397
-0.0333621645637667 0.0142284195939356 0.0324701523849609 0.0504963091478739 -0.0180832733958775 -0.0262783749044897 0.0238314882966398 0.0651173132454557
