0.0576997856522131 -0.0181012733092681 -0.0122299742925972 -0.0203302889179592 0.0489518316878578 0.0311632498057145 0.0460733628849884 -0.0485518139767483
-0.0181012733092681 0.0670480055639146 0.0692359128184046 -0.0113098526427546 0.00827704746513009 0.0457270209387273 0.0273354532755341 0.0535156546444704
-0.0122299742925972 0.0692359128184046 0.0764049774553449 -0.0230868261132222 -0.00131293226013168 0.0155764413538108 0.0891087781448271 0.0224652775675766
-0.0203302889179592 -0.0113098526427546 -0.0230868261132222 0.0718843206368213 -0.019981971392511 -0.0245487016121754 -0.0126552043323147 0.027471660716595
0.0489518316878578 0.0082770474651301 -0.00131293226013168 -0.019981971392511 -0.0271498237041525 0.0710029236837881 0.0689667858928872 0.0296619758487922
0.0311632498057145 0.0457270209387273 0.0155764413538108 -0.0245487016121754 0.0710029236837881 0.0683599629942052 0.00465432387839727 0.0424454375681943
0.0460733628849884 0.0273354532755341 0.0891087781448271 -0.0126552043323147 0.0689667858928872 0.00465432387839727 0.079646139156589 -0.01048640460672
-0.0485518139767483 0.0535156546444704 0.0224652775675766 0.027471660716595 0.0296619758487922 0.0424454375681943 -0.01048640460672 0.084069709655992
