0.102046088504716 -0.0748537390194069 -0.0490457018103374 0.0188781295831424 0.142403779304621 -8.93130459263117e-05 0.00357267448167219 -0.0644281988520784
-0.0748537390194069 0.117095199833737 0.0645249276487845 -0.0228921245405666 -0.0900400169478269 0.0480243736643273 0.0289208899638076 0.061265664784701
-0.0490457018103374 0.0645249276487845 0.0685273008694987 -0.0674243184816346 -0.0362954506207707 0.0453376976575192 0.0690886219083578 -0.0100906899016586
0.0188781295831424 -0.0228921245405666 -0.0674243184816346 0.183019337232215 0.029019458874653 -0.0517698627514836 0.0334197814766951 0.111879712028871
0.142403779304621 -0.0900400169478269 -0.0362954506207707 0.029019458874653 0.137603293368334 -0.000361059262595921 0.0415328227588452 -0.0567299899740557
-8.93130459263114e-05 0.0480243736643273 0.0453376976575192 -0.0517698627514836 -0.000361059262595922 -0.0159587165476835 0.0396953827797499 -0.0158312805716538
0.00357267448167219 0.0289208899638076 0.0690886219083578 0.0334197814766951 0.0415328227588452 0.0396953827797499 0.0589335380575466 0.0012716210013434
-0.0644281988520784 0.061265664784701 -0.0100906899016586 0.111879712028871 -0.0567299899740557 -0.0158312805716538 0.0012716210013434 0.107678203822743
