0.0561255896246968 -0.0539925821048963 -0.0382071726222807 -0.0276853976481069 0.0813433171845728 0.00971069369574682 -0.00499223386309583 -0.0508752050426011
-0.0539925821048963 0.0617636549522405 0.0741312323463639 0.0337183313329308 -0.0467222052033599 0.0134032347338849 0.0148338681686314 0.0480948703467951
-0.0382071726222807 0.0741312323463639 0.0732348364167779 0.0302726749401078 -0.0110545074156466 0.0133052792787626 0.0413491578187419 0.0439334519859266
-0.0276853976481069 0.0337183313329308 0.0302726749401078 0.0637289290409317 -0.0380164711946793 -0.0190446772315926 -0.0071782497199214 0.0652096960106963
0.0813433171845728 -0.0467222052033599 -0.0110545074156466 -0.0380164711946793 0.0331776831814522 -0.0125320427120481 0.0857217340556342 -0.0674452106450691
0.00971069369574682 0.0134032347338849 0.0133052792787626 -0.0190446772315926 -0.0125320427120481 0.0213029565305813 -0.0493666865957377 -0.0212651876976587
-0.00499223386309582 0.0148338681686314 0.0413491578187419 -0.00717824971992139 0.0857217340556342 -0.0493666865957377 0.111295199669586 0.0157604389421113
-0.0508752050426011 0.0480948703467951 0.0439334519859266 0.0652096960106963 -0.0674452106450691 -0.0212651876976587 0.0157604389421113 0.0655543704920397
