0.0753249900856761 -0.0572960654636133 -0.0208732549408657 -0.0367506683273344 0.0443849268779285 0.00997961374443587 0.0480575695191019 -0.0694723127802523
-0.0572960654636133 0.0637063608176306 0.0592464584143669 0.0242311066950478 -0.0232062291545438 0.00378713259041589 0.0221595011567879 0.0735913401736238
-0.0208732549408657 0.0592464584143669 0.099539984800439 -0.03336644195268 -0.0404870870030729 0.00790118555930588 0.0534719148456946 0.0257860067774062
-0.0367506683273344 0.0242311066950478 -0.03336644195268 0.0730965116432338 -0.0117606617191769 -0.00912156388732532 -0.0275720296090547 0.060482970610557
0.0443849268779285 -0.0232062291545438 -0.0404870870030729 -0.0117606617191769 -0.00838053362027826 0.00520340987298222 -0.00864248012403941 -0.00635843863536968
0.00997961374443587 0.00378713259041589 0.00790118555930588 -0.00912156388732532 0.00520340987298223 -0.0160687661476067 -0.0317010336176774 -0.0105076777617562
0.0480575695191019 0.0221595011567879 0.0534719148456946 -0.0275720296090547 -0.00864248012403942 -0.0317010336176774 0.047510416461064 -0.0461912171627023
-0.0694723127802523 0.0735913401736238 0.0257860067774062 0.060482970610557 -0.00635843863536968 -0.0105076777617562 -0.0461912171627023 0.0786844697836351
