0.0765005818069556 -0.0640685959426709 -0.0499992064105653 -0.0273169566318375 0.0809831650158177 0.0290029055365481 0.0133954559478707 -0.0611721085975293
-0.0640685959426709 0.0952653802906586 0.0960838623673642 0.0188413526831349 -0.0311571549713643 0.0108142830861698 0.0490196083965435 0.0634673288594984
-0.0499992064105653 0.0960838623673642 0.0514791936535381 0.0254038488300687 -0.0327143934955954 -0.0116057620230874 0.0404249247380678 0.0487472342455596
-0.0273169566318375 0.0188413526831349 0.0254038488300687 0.0611547426138673 -0.036671751406166 -0.0429717070134682 -0.0226327465545833 0.0587935702233903
0.0809831650158177 -0.0311571549713643 -0.0327143934955954 -0.036671751406166 -0.000187213130151935 0.046107973066945 0.0771371241134171 -0.0452179578255507
0.0290029055365481 0.0108142830861698 -0.0116057620230874 -0.0429717070134682 0.046107973066945 0.0508961495993205 -0.0242717167505341 -0.0200139756851832
0.0133954559478707 0.0490196083965435 0.0404249247380678 -0.0226327465545833 0.0771371241134171 -0.0242717167505341 0.168648003555051 0.00651817081859389
-0.0611721085975293 0.0634673288594984 0.0487472342455595 0.0587935702233903 -0.0452179578255507 -0.0200139756851832 0.00651817081859389 0.0552695735276984
