0.101537642705592 -0.0882429494462955 -0.0981733539010703 -0.0568869650344323 0.0810722299485693 0.0527648394052305 -0.0467837078371719 -0.0692023476309422
-0.0882429494462955 0.115834047558431 0.149344052531465 0.0589163996278824 -0.0359377079568243 -0.0268738383575412 0.0962082608601275 0.0746634956255385
-0.0981733539010703 0.149344052531465 0.156561823823268 0.0501714282510517 -0.0508868117692024 -0.0430033436676226 0.154011136529113 0.0922189065791647
-0.0568869650344323 0.0589163996278824 0.0501714282510517 0.167801154763721 -0.0258271398598379 -0.071479775299189 0.0325567621875446 0.0588104834483688
0.0810722299485693 -0.0359377079568243 -0.0508868117692024 -0.0258271398598379 -0.0108522851314817 0.0239293591278552 0.01085606567429 -0.0653794402075097
0.0527648394052305 -0.0268738383575412 -0.0430033436676226 -0.071479775299189 0.0239293591278552 0.033791318307585 -0.0873766289883297 -0.0206128122627176
-0.0467837078371719 0.0962082608601275 0.154011136529113 0.0325567621875445 0.01085606567429 -0.0873766289883297 0.131049015571433 0.0184612747172045
-0.0692023476309422 0.0746634956255385 0.0922189065791647 0.0588104834483688 -0.0653794402075097 -0.0206128122627176 0.0184612747172045 0.0967101176701055
