0.078455007699149 -0.0477021422111197 -0.0291227676479544 -0.0521641334787715 0.0564655654494065 0.0524852048264408 -0.0174916862921749 -0.0905793157932564
-0.0477021422111197 0.111199185573422 0.119733194285065 0.0268378975213187 -0.0184052386499744 0.0425858146992208 0.12969126175551 0.0815915110808501
-0.0291227676479544 0.119733194285065 0.0983266474106317 0.0132869059462138 -0.0218637765438063 0.0527729052341081 0.168564866457089 0.0492856723313674
-0.0521641334787715 0.0268378975213187 0.0132869059462138 0.109970245878483 -0.0420899241630065 -0.0667208293133584 -0.0173763468136172 0.107159860998329
0.0564655654494065 -0.0184052386499744 -0.0218637765438063 -0.0420899241630065 -0.0231101072884101 0.0514420437804617 -0.0366464418620589 -0.0159835509187032
0.0524852048264408 0.0425858146992208 0.0527729052341081 -0.0667208293133584 0.0514420437804617 0.04896146924082 0.0469328936138671 -0.0349538694873771
-0.0174916862921749 0.12969126175551 0.168564866457089 -0.0173763468136172 -0.0366464418620589 0.0469328936138671 0.226033947294043 -0.0323575695645243
-0.0905793157932564 0.0815915110808501 0.0492856723313674 0.107159860998329 -0.0159835509187032 -0.0349538694873771 -0.0323575695645243 0.197637171078247
