0.132631242868506 -0.0818175906381467 -0.0794063397721308 -0.0170210315496516 0.125657073115057 0.0410412983485143 -0.00797646413202538 -0.0782265920484293
-0.0818175906381467 0.131725693213046 0.157682119309781 0.0102328120355825 -0.0539473492691612 0.0109324682330876 0.0157015464413056 0.0537759053135613
-0.0794063397721308 0.157682119309781 0.196266925889631 -0.0162241678930255 -0.0956688753378862 0.000490936516553334 0.0345891171758209 0.0302439169560796
-0.0170210315496516 0.0102328120355825 -0.0162241678930255 0.187316038789249 0.0698007821065071 -0.0333745265334177 0.0266854447320108 0.113190114038706
0.125657073115057 -0.0539473492691612 -0.0956688753378862 0.0698007821065071 0.175434947499404 0.0436911630669924 0.10918769840863 -0.00268490525228085
0.0410412983485143 0.0109324682330876 0.000490936516553333 -0.0333745265334177 0.0436911630669924 -0.00615205764479145 -0.00620180431992895 -0.00405455642863312
-0.00797646413202538 0.0157015464413056 0.0345891171758209 0.0266854447320108 0.10918769840863 -0.00620180431992895 0.0726130814959053 0.00638153549557555
-0.0782265920484293 0.0537759053135613 0.0302439169560796 0.113190114038706 -0.00268490525228085 -0.00405455642863312 0.00638153549557555 0.0981198574037661
