0.0979086472084406 -0.0627329130697858 -0.0738449524261046 -0.0399420365495332 0.102415428178777 0.037331657584492 0.00735285152696347 -0.0725810314755632
-0.0627329130697858 0.048696434616899 0.102378051724205 0.0138307716382201 -0.0456935619938698 0.00440591997964682 0.0248501988343726 0.0347855058519163
-0.0738449524261046 0.102378051724205 0.18737982874958 -0.0138710744718345 -0.0709519986829455 0.0438301613270757 0.0563812155506754 0.0347964898754039
-0.0399420365495332 0.0138307716382201 -0.0138710744718345 0.0710449105719478 -0.0440074187119469 -0.0358283009990689 -0.020184580503299 0.0921658507509705
0.102415428178777 -0.0456935619938698 -0.0709519986829455 -0.0440074187119469 0.0566028399308169 0.0113525602292719 0.0956445336279443 -0.0629016178686291
0.037331657584492 0.00440591997964682 0.0438301613270757 -0.035828300999069 0.0113525602292719 0.039607965416212 -0.0610171191794435 -0.0126720038566856
0.00735285152696347 0.0248501988343726 0.0563812155506754 -0.020184580503299 0.0956445336279443 -0.0610171191794435 0.16029671947864 -0.0314455371834069
-0.0725810314755632 0.0347855058519163 0.0347964898754039 0.0921658507509705 -0.0629016178686291 -0.0126720038566856 -0.0314455371834069 0.116877011452899
