0.0375997033153113 -0.0529419004630593 -0.0391735932314736 -0.041135370764168 0.0487654502636703 0.0128860779709625 0.0519616876321627 -0.0667309256879658
-0.0529419004630593 0.113805858541066 0.093937165122293 0.0171250949564401 -0.0186300457935679 0.0130295926349604 -0.00952209147118493 0.0806269846036979
-0.0391735932314736 0.093937165122293 0.100228884252944 -0.046725760133805 -0.0100218854350978 0.00512417997360585 0.0151521125745251 0.0224066531779916
-0.041135370764168 0.0171250949564401 -0.046725760133805 0.185324692933415 -0.0379193485899456 -0.026712845020332 -0.019611835240759 0.144110819240817
0.0487654502636703 -0.0186300457935679 -0.0100218854350978 -0.0379193485899456 -0.0367784774429536 -0.00819555056088016 0.097907460541572 -0.0660828716206563
0.0128860779709625 0.0130295926349604 0.00512417997360585 -0.026712845020332 -0.00819555056088016 -0.00357969485627675 -0.0603823168671703 0.0242053144454406
0.0519616876321627 -0.00952209147118493 0.0151521125745251 -0.019611835240759 0.097907460541572 -0.0603823168671703 0.127785372250721 -0.0971900931456531
-0.0667309256879658 0.0806269846036979 0.0224066531779916 0.144110819240817 -0.0660828716206563 0.0242053144454406 -0.0971900931456531 0.154146631884498
