0.0774493664020312 -0.0430981981387486 -0.0306019182321293 0.000944449827998883 0.0415758600134961 0.0394131561621365 -0.0133005694045116 0.00634810101304322
-0.0430981981387486 0.0847666987289337 0.0922499813404978 0.00171526603122251 -0.0113751548002149 0.0118486710230785 0.0576445293442974 0.0625842607152448
-0.0306019182321293 0.0922499813404978 0.0864648480502572 0.0059322214156732 -0.0124542126012066 0.00732343498994537 0.104891485080325 0.0595542766998343
0.000944449827998883 0.00171526603122251 0.0059322214156732 0.0685796793228009 -0.0434265408874893 -0.0395145991985775 0.000820523737186554 0.0280529531777469
0.0415758600134961 -0.0113751548002149 -0.0124542126012066 -0.0434265408874893 0.0125362717152367 0.0254836261178291 0.136711688974197 -0.0349341405989178
0.0394131561621365 0.0118486710230785 0.00732343498994537 -0.0395145991985775 0.0254836261178291 0.00131124139135178 -0.0180547460806879 0.00244463222661994
-0.0133005694045116 0.0576445293442974 0.104891485080325 0.000820523737186556 0.136711688974197 -0.0180547460806879 0.233450998590817 0.0167006952872665
0.00634810101304322 0.0625842607152448 0.0595542766998343 0.0280529531777469 -0.0349341405989178 0.00244463222661994 0.0167006952872665 0.0437599574473794
