0.0468020763191724 -0.0113300092414389 0.00883397166065196 -0.017131644084264 0.0696074183730811 0.0270746587718732 0.0659662113143397 -0.0467196865765131
-0.0113300092414389 0.0689512041788606 0.0855140663051678 -0.0339940099751565 0.0192041840069358 0.0353513420790139 0.015729986761799 0.0161844201375474
0.00883397166065196 0.0855140663051678 0.10864695615801 -0.0753716978386449 0.0120042925496208 0.048647932388488 0.0847210688324714 -0.0348729022098624
-0.017131644084264 -0.0339940099751565 -0.0753716978386449 0.0589887265971067 -0.0126956277283129 -0.0278519110167394 -0.0169004394390373 0.0659241587858828
0.0696074183730811 0.0192041840069358 0.0120042925496208 -0.0126956277283129 0.00183102314471485 0.0449708985866024 0.0594295935194853 -0.0505940719039849
0.0270746587718732 0.0353513420790139 0.048647932388488 -0.0278519110167394 0.0449708985866024 0.00834570969088702 0.0445261430614031 -0.0231541230399473
0.0659662113143397 0.015729986761799 0.0847210688324714 -0.0169004394390373 0.0594295935194853 0.0445261430614031 0.11751354707869 -0.0465151226100338
-0.0467196865765131 0.0161844201375474 -0.0348729022098624 0.0659241587858828 -0.0505940719039849 -0.0231541230399473 -0.0465151226100338 0.109420957677687
