0.019095010028548 -0.0203956561915636 -0.012105501492522 -0.00621369538334962 0.0130571076519719 0.0250020047087661 0.00122775769518207 -0.00251872218124741
-0.0203956561915636 0.0841735478958365 0.0962979933305231 0.0505216917406488 -0.00264742121357219 0.0106954959228263 0.0613516717747488 0.0964890707763076
-0.012105501492522 0.0962979933305231 0.120558973222312 0.0457484114019096 -0.0219832323943099 0.0289815302545901 0.0748694038811078 0.107137325280893
-0.00621369538334962 0.0505216917406488 0.0457484114019096 0.0666774469303706 0.0151089364516001 0.00731213317393491 0.0245975381041171 0.086879586270907
0.0130571076519719 -0.0026474212135722 -0.0219832323943099 0.0151089364516001 0.0110781069728753 0.0164467144832741 0.0294377666905968 0.00392248777497946
0.0250020047087661 0.0106954959228263 0.0289815302545901 0.0073121331739349 0.0164467144832741 0.0273498142566371 -0.0430226143546387 0.048185661577716
0.00122775769518208 0.0613516717747488 0.0748694038811078 0.0245975381041171 0.0294377666905968 -0.0430226143546387 0.0367691242485705 0.0301714353631909
-0.00251872218124741 0.0964890707763076 0.107137325280893 0.086879586270907 0.00392248777497946 0.048185661577716 0.0301714353631909 0.120947569569134
