0.0890851405045159 -0.07887325422978 -0.0788055958387853 -0.0288120236952 0.113601680350902 0.0137997119549304 0.0269088793735735 -0.0675820346869776
-0.07887325422978 0.127805961755133 0.118590345086127 0.00214384351489814 -0.0702460673671044 0.0365888583751785 0.0383625524162762 0.0512970375894276
-0.0788055958387853 0.118590345086127 0.115680163570694 -0.0290028045987237 -0.0770302562601799 0.0407634596636901 0.0198973709103655 0.0454590422894996
-0.0288120236952 0.00214384351489814 -0.0290028045987237 0.107069923747485 -0.0413604009246457 -0.035564478531433 -0.0347740894930562 0.0581531791230823
0.113601680350902 -0.0702460673671044 -0.0770302562601799 -0.0413604009246457 0.0106604245979507 0.0117068582694676 0.0517800328143442 -0.0727400490416193
0.0137997119549304 0.0365888583751785 0.0407634596636901 -0.035564478531433 0.0117068582694676 0.000874763997843504 -0.0172894284310349 0.000118916532292648
0.0269088793735735 0.0383625524162762 0.0198973709103655 -0.0347740894930562 0.0517800328143442 -0.0172894284310349 0.0921079035235088 -0.0570209486624594
-0.0675820346869776 0.0512970375894276 0.0454590422894996 0.0581531791230823 -0.0727400490416193 0.000118916532292647 -0.0570209486624594 0.0626615786682579
