0.0823408138783821 -0.0768851372337457 -0.0699070353435391 -0.0381838707571878 0.0586971581806535 0.0305325156312448 0.0214185163737632 -0.0594735273000571
-0.0768851372337457 0.117486757196559 0.135273132701497 0.0519566135990026 -0.0503283168336603 0.0041313094080085 0.0381454545611088 0.0565423410409807
-0.0699070353435391 0.135273132701497 0.145248021214494 0.0532360490975052 -0.0750155176965068 0.00722643202400157 0.0764979980637949 0.0566984252620086
-0.0381838707571878 0.0519566135990026 0.0532360490975052 0.0685605104407615 -0.0275034824325847 -0.00975480508237094 -0.00238802904409378 0.0623688319179076
0.0586971581806535 -0.0503283168336603 -0.0750155176965068 -0.0275034824325847 -0.0144549659969931 0.0104633058192824 0.0304082678054838 -0.0641277540427162
0.0305325156312448 0.0041313094080085 0.00722643202400157 -0.00975480508237094 0.0104633058192824 -0.0143496808410571 -0.0205889460523176 0.00918589207315521
0.0214185163737632 0.0381454545611088 0.0764979980637949 -0.00238802904409378 0.0304082678054838 -0.0205889460523176 0.10665356644387 -0.044195625947744
-0.0594735273000571 0.0565423410409807 0.0566984252620085 0.0623688319179076 -0.0641277540427162 0.00918589207315521 -0.044195625947744 0.0851561488665367
