0.0534546240228461 -0.0631886957465939 -0.04327911472018 -0.00993562193085595 0.0394722219084185 0.0222336729759559 0.00803563433744777 -0.0360202694460821
-0.0631886957465939 0.128704361618501 0.109415413215124 -0.0184465959970872 -0.0171399654110403 0.0472591506959992 -0.0323893180448072 0.0604672306894139
-0.04327911472018 0.109415413215124 0.11899936755481 0.00745825742900441 -0.0222655208094693 -0.00669534449826539 0.079379329558879 0.0353446260584682
-0.00993562193085595 -0.0184465959970872 0.00745825742900441 0.0934000650825912 0.0336387541542962 -0.0436629909812679 0.0351536929169291 0.0382220995300742
0.0394722219084185 -0.0171399654110403 -0.0222655208094693 0.0336387541542962 -0.0554155195687273 0.0117843789985846 0.00925278967737383 0.00176840986672535
0.0222336729759559 0.0472591506959992 -0.00669534449826539 -0.0436629909812679 0.0117843789985846 0.0170253909974221 -0.0807635511317852 0.0192792126932971
0.00803563433744777 -0.0323893180448072 0.079379329558879 0.0351536929169291 0.00925278967737383 -0.0807635511317852 0.18480757339905 -0.0457992348507381
-0.0360202694460821 0.0604672306894139 0.0353446260584682 0.0382220995300742 0.00176840986672535 0.0192792126932971 -0.0457992348507381 0.068307924127557
