0.055516850174282 -0.0223901199896552 -0.00363512646400221 -0.0373227758890047 0.0725064298402902 0.0357379541326757 0.0203935165722164 -0.0482614641132557
-0.0223901199896552 0.0361147567685123 0.015992341674421 -0.0136769111792456 -0.0117496052247498 0.00784741849414121 -0.033286510198787 0.0437169078298525
-0.00363512646400221 0.015992341674421 0.0462982172094048 -0.010734520520411 0.0164187875910087 0.0380116215901555 0.0915716051297107 0.00736625658208106
-0.0373227758890047 -0.0136769111792456 -0.010734520520411 0.0711613681737637 -0.0190863760852067 -0.0308775222270446 -0.0106836876703578 0.0395766798360749
0.0725064298402902 -0.0117496052247498 0.0164187875910087 -0.0190863760852067 0.020075947304731 0.0384453656892062 0.0481153795439934 -0.0307546456009026
0.0357379541326757 0.00784741849414121 0.0380116215901555 -0.0308775222270446 0.0384453656892062 0.0255595625202485 0.00789360242076708 -0.0256494997219041
0.0203935165722164 -0.033286510198787 0.0915716051297107 -0.0106836876703578 0.0481153795439934 0.00789360242076708 0.206171903576501 -0.0583098327256146
-0.0482614641132557 0.0437169078298525 0.00736625658208106 0.0395766798360749 -0.0307546456009026 -0.0256494997219041 -0.0583098327256146 0.0491139235283843
