0.090618935039331 -0.0851877679937513 -0.0381750827639202 -0.0338628646023851 0.0672692485145003 0.0292376808949606 0.0250251408899619 -0.0741251520946294
-0.0851877679937513 0.0931628713729984 0.0704402253235247 0.0348493053799543 -0.0400918126627649 -0.00101245767970382 0.00185755795757713 0.0609513413036436
-0.0381750827639202 0.0704402253235247 0.0553119429247466 0.02175327197611 -0.0362204277260851 0.0174836965157778 0.00785617730042782 0.029584146880569
-0.0338628646023851 0.0348493053799543 0.02175327197611 0.0550873485991321 -0.00775249572852672 -0.00165282333236203 0.00991709366289169 0.0369052013265382
0.0672692485145003 -0.0400918126627649 -0.036220427726085 -0.00775249572852673 0.0144426944122153 0.0208711277754875 0.0629204060643931 -0.0340210218069313
0.0292376808949606 -0.00101245767970382 0.0174836965157778 -0.00165282333236203 0.0208711277754875 -0.0187965372266629 0.0131731713074554 -0.0140275484594395
0.0250251408899619 0.00185755795757713 0.00785617730042783 0.00991709366289169 0.0629204060643931 0.0131731713074554 0.0270962572182998 -0.0224121129200407
-0.0741251520946294 0.0609513413036436 0.029584146880569 0.0369052013265382 -0.0340210218069313 -0.0140275484594395 -0.0224121129200407 0.0687799422566469
