0.0185438377217865 -0.0117028730061762 -0.0171605326851996 -0.00392775179888524 0.0290214949827935 0.019963163236125 0.0192417079628413 -0.0353387655705968
-0.0117028730061762 0.0317141735420637 0.0530229552668975 0.0164482197384165 0.000828883756282451 0.0128177455313977 -0.00403083063227046 0.0464765849042841
-0.0171605326851996 0.0530229552668975 0.061256947418155 0.0375268331927997 -0.00999480128159269 0.0303153644599979 0.0174458280803852 0.0535749986907601
-0.00392775179888524 0.0164482197384165 0.0375268331927997 0.0475005438869461 -0.00227918577908976 0.0219783767149561 -0.00206912941019935 0.0465573300595431
0.0290214949827935 0.00082888375628245 -0.0099948012815927 -0.00227918577908976 -0.0332082479998211 0.0123020641484587 0.0690291423143621 -0.0438331117131947
0.019963163236125 0.0128177455313977 0.0303153644599979 0.0219783767149561 0.0123020641484587 0.01337196221145 -0.0160785751117245 0.00631665254974024
0.0192417079628413 -0.00403083063227046 0.0174458280803852 -0.00206912941019936 0.0690291423143621 -0.0160785751117245 0.102721466712844 -0.0666832808882147
-0.0353387655705968 0.0464765849042841 0.0535749986907601 0.0465573300595431 -0.0438331117131947 0.00631665254974024 -0.0666832808882147 0.093730497192015
