0.0359636693690591 -0.00840871128537238 0.00218686375132909 -0.0327058699691936 0.0504693030592514 0.0276672516073869 -0.00180037366125332 -0.0228738756363772
-0.00840871128537238 0.0282466193090874 0.0362294271019733 -0.000986329638065627 0.0171023442594163 -0.00642830182463923 -0.00696986768402447 0.0206075630309693
0.00218686375132909 0.0362294271019733 0.017470789552994 -0.00970428778163121 0.00122813706827477 0.00811613295582751 0.0162096082815284 0.01085449020917
-0.0327058699691936 -0.000986329638065626 -0.00970428778163121 0.0659411893996376 -0.0691004539240385 -0.0178292491049505 -0.00373541942523836 0.0584115941452864
0.0504693030592514 0.0171023442594163 0.00122813706827477 -0.0691004539240385 0.0227679285037683 -0.00219246842693911 -0.0254583993749599 -0.00315904133764102
0.0276672516073869 -0.00642830182463923 0.00811613295582751 -0.0178292491049505 -0.00219246842693911 0.0312100364445762 0.0114755069685329 0.00175559888666836
-0.00180037366125332 -0.00696986768402447 0.0162096082815284 -0.00373541942523836 -0.0254583993749599 0.0114755069685329 0.0297890611476415 -0.0556701091135164
-0.0228738756363772 0.0206075630309693 0.01085449020917 0.0584115941452864 -0.00315904133764102 0.00175559888666836 -0.0556701091135164 0.0612439092200659
