0.190394268954087 -0.16932007772412 -0.160674518305319 -0.0798995076983792 0.100470638373591 0.10427881586884 -0.0448359989180508 -0.137508336835966
-0.16932007772412 0.192033549558626 0.219271724696029 0.0340874213557094 -0.0628166001814503 -0.0238868199007414 0.0415706242039419 0.179984663525325
-0.160674518305319 0.219271724696029 0.298471791676003 0.0326946726021026 -0.0633657409141355 -0.0370381957551252 0.0574566850782274 0.191553511263182
-0.0798995076983792 0.0340874213557094 0.0326946726021026 0.18703644448581 -0.0481026397664826 -0.115080557799941 0.05657259340234 0.0673569300276987
0.100470638373591 -0.0628166001814503 -0.0633657409141355 -0.0481026397664826 -0.0409729740474339 0.0404707959618224 0.0418585168766965 -0.0379441935850357
0.10427881586884 -0.0238868199007414 -0.0370381957551252 -0.115080557799941 0.0404707959618223 0.0234631332565005 -0.00654561592340203 -0.0254640292877562
-0.0448359989180508 0.0415706242039418 0.0574566850782274 0.05657259340234 0.0418585168766965 -0.00654561592340203 0.182668606969193 0.0215680475099905
-0.137508336835966 0.179984663525325 0.191553511263182 0.0673569300276987 -0.0379441935850357 -0.0254640292877562 0.0215680475099905 0.157068557680015
