0.0374870278825073 -0.0259023409942563 0.00644714837557169 -0.0173132641676478 0.0472328292202867 0.0320847307479124 0.0672384663016122 -0.0346920745227479
-0.0259023409942563 0.0572282026898172 0.0453224357927014 -0.0291247003343366 -0.0343370621027229 0.00847251303242683 -0.03021718959171 0.0112479396143205
0.00644714837557169 0.0453224357927014 0.0297128983865357 -0.0425674479437425 0.00596894907700171 0.0354997650072118 0.0222032452332668 -0.0111237505004556
-0.0173132641676478 -0.0291247003343366 -0.0425674479437425 0.0613427072311827 -0.0112775774390113 -0.0370478545754951 -0.0621738824751914 0.0398624669377055
0.0472328292202867 -0.0343370621027229 0.00596894907700171 -0.0112775774390113 -0.02083543321932 0.0293094687927682 0.119988535005929 -0.0108887834426484
0.0320847307479124 0.00847251303242683 0.0354997650072118 -0.0370478545754951 0.0293094687927682 0.0226315848862425 0.0374225224694373 -0.0289999349795118
0.0672384663016122 -0.03021718959171 0.0222032452332668 -0.0621738824751914 0.119988535005929 0.0374225224694373 0.168235344429784 -0.0504950385471564
-0.0346920745227479 0.0112479396143204 -0.0111237505004556 0.0398624669377055 -0.0108887834426484 -0.0289999349795118 -0.0504950385471564 0.00156153159189352
