0.0719336235419136 -0.0681228698778492 -0.107585251281066 -0.015950769293695 0.0800404312245779 0.0457659095052131 -0.0520634550879157 -0.0371279960966609
-0.0681228698778493 0.10218411511341 0.146210543415924 0.0188501283802216 -0.0657298417062723 -0.0333412571668546 0.132130208004686 0.0498106695378128
-0.107585251281066 0.146210543415924 0.197172855225471 -0.0038756853677445 -0.0958428428787603 -0.0471396271765169 0.178177902963297 0.0424968208823647
-0.015950769293695 0.0188501283802216 -0.0038756853677445 0.122064221978738 -0.0223655109146669 -0.0215249431031084 -0.0246756760614859 0.0679904428210384
0.0800404312245779 -0.0657298417062723 -0.0958428428787603 -0.0223655109146669 -0.0710499859456706 0.0516461485962722 -0.0423424983062462 -0.0313653866407525
0.0457659095052131 -0.0333412571668546 -0.0471396271765169 -0.0215249431031084 0.0516461485962722 0.0116501732533091 -0.0388821166837537 -0.007496849577494
-0.0520634550879157 0.132130208004686 0.178177902963297 -0.0246756760614859 -0.0423424983062462 -0.0388821166837537 0.200983877822283 0.00864343996821006
-0.0371279960966609 0.0498106695378128 0.0424968208823647 0.0679904428210384 -0.0313653866407525 -0.007496849577494 0.00864343996821006 0.0658813496088584
