0.0651483538817075 -0.0781479827010786 -0.0666653781801595 -0.0401830224453538 0.0493483372095482 0.0549473459992259 0.00753563373361885 -0.0950628147985905
-0.0781479827010786 0.165096887438571 0.162478204775598 0.0772366551045017 -0.0339729721588518 -0.0280858743550726 0.0480758951452148 0.146565507223878
-0.0666653781801595 0.162478204775598 0.185798070134069 0.0584013336820842 -0.0508172104263359 0.00127850022126972 0.0977008306048577 0.111687354811495
-0.0401830224453538 0.0772366551045017 0.0584013336820842 0.0914001333079887 -0.0134542817044037 -0.0417683101121851 0.00988595035849012 0.107063209923649
0.0493483372095482 -0.0339729721588518 -0.0508172104263359 -0.0134542817044037 -0.054778332499853 0.0249041111735172 0.012814626968604 -0.0512941929221931
0.0549473459992259 -0.0280858743550726 0.00127850022126972 -0.0417683101121851 0.0249041111735172 0.0157584780699889 -0.0131893603646602 -0.0533149351553202
0.00753563373361885 0.0480758951452148 0.0977008306048577 0.00988595035849012 0.012814626968604 -0.0131893603646602 0.123209922089447 -0.0468341386824227
-0.0950628147985905 0.146565507223878 0.111687354811495 0.107063209923649 -0.0512941929221931 -0.0533149351553202 -0.0468341386824227 0.167802383805896
