0.0902636402364762 -0.0511908155594498 -0.0378741181396276 -0.0545268172753628 0.0957951805086591 0.0563082313878967 0.0194301716569684 -0.113053195883573
-0.0511908155594498 0.111053643057456 0.109091659590693 0.0220572744207729 -0.0168332976961613 0.0246814483010276 0.0815853476292109 0.0923808234336601
-0.0378741181396276 0.109091659590693 0.142007462258581 0.00359554572394495 -0.040391693559111 0.0215537150036631 0.137655522001575 0.0386340620464686
-0.0545268172753628 0.0220572744207729 0.00359554572394495 0.118617751808673 -0.0258287305452833 -0.0219260578868394 -0.0297713648616414 0.117730817419842
0.0957951805086591 -0.0168332976961613 -0.040391693559111 -0.0258287305452833 0.00747581287925728 0.0543179435993172 0.0108993583512228 -0.070051360901612
0.0563082313878967 0.0246814483010276 0.0215537150036631 -0.0219260578868394 0.0543179435993172 0.0202374882085004 0.0105016009520171 -0.0217201236992173
0.0194301716569684 0.0815853476292109 0.137655522001575 -0.0297713648616414 0.0108993583512228 0.0105016009520171 0.146981677957715 -0.0523145572914507
-0.113053195883573 0.0923808234336601 0.0386340620464686 0.117730817419842 -0.070051360901612 -0.0217201236992173 -0.0523145572914507 0.178422533887224
