0.0161774604120704 0.00456286280085806 -0.0109570780406892 0.00597517496537729 0.0303594601626828 0.0146880663073667 0.00480197489666316 -0.0154749559722557
0.00456286280085806 -0.00521709818467085 0.000272328703855397 -0.0179550981028149 -0.0136131568398568 0.00881964648804903 0.0131318239467002 0.00999976613762053
-0.0109570780406892 0.000272328703855396 0.00960318323307749 -0.0418670888141973 -0.0272872349792276 -0.0149536568600355 0.0324483987640045 0.014458983333258
0.00597517496537729 -0.0179550981028149 -0.0418670888141973 0.0485086278400002 0.0371731093141109 -0.0168266249744241 -0.0782230199527089 -0.0143432146578863
0.0303594601626828 -0.0136131568398568 -0.0272872349792276 0.0371731093141109 -0.101942135254994 -0.002498983992429 -0.011178938500475 -0.00703459446245524
0.0146880663073667 0.00881964648804903 -0.0149536568600355 -0.0168266249744241 -0.002498983992429 -0.0299065862838481 -0.00778121573394699 0.0246807339366675
0.00480197489666316 0.0131318239467002 0.0324483987640045 -0.0782230199527089 -0.011178938500475 -0.00778121573394699 0.0977848212219526 0.0064844290115247
-0.0154749559722557 0.00999976613762053 0.014458983333258 -0.0143432146578863 -0.00703459446245524 0.0246807339366675 0.0064844290115247 0.0743408859087574
