0.0861674172244023 -0.045040857963076 -0.0423821490461514 0.00368073917990279 0.0826346671080848 0.030184412133141 0.044321785094028 -0.0349408516228631
-0.045040857963076 0.0541972299418579 0.046511453767245 -0.0184693206633333 -4.50169993815251e-05 -0.00170000069564934 -0.00770615964710823 0.0242948256244997
-0.0423821490461514 0.046511453767245 0.0698399138483562 -0.0782297742500133 -0.0118005985473392 0.0107579385418698 0.051324921357886 -0.00491389544197539
0.00368073917990279 -0.0184693206633333 -0.0782297742500133 0.144049525078204 0.00504840438877018 -0.0607791110701076 0.0162843717048566 0.0394942656824641
0.0826346671080848 -4.50169993815229e-05 -0.0118005985473392 0.00504840438877018 0.00769264083931721 0.0231702449733992 0.0813592649110438 -0.0185520442842975
0.030184412133141 -0.00170000069564934 0.0107579385418698 -0.0607791110701076 0.0231702449733992 0.00697066824694604 -0.011649080920072 -0.0161925953998843
0.044321785094028 -0.00770615964710824 0.051324921357886 0.0162843717048566 0.0813592649110438 -0.011649080920072 0.117934887371517 -0.0298983276557198
-0.0349408516228631 0.0242948256244997 -0.00491389544197539 0.0394942656824641 -0.0185520442842975 -0.0161925953998843 -0.0298983276557198 0.00492133018220164
