0.0400775072777449 -0.0445292839282953 -0.0268957496197945 -0.00968310414961903 0.0414301862763723 0.00296154181322757 0.0118501310638345 -0.0417364080289101
-0.0445292839282953 0.0422344076249901 0.0399684404204865 0.0198675216111058 -0.0161061741115032 0.0117305776283731 0.0172985502842598 0.0339405694261382
-0.0268957496197945 0.0399684404204865 0.0454844190760754 0.0391123016017868 -0.00561609527815227 0.00367685501590595 0.0477377541139508 0.0237651886871331
-0.00968310414961903 0.0198675216111058 0.0391123016017868 0.0697509427778721 0.0230313505557289 0.00728403712150948 0.0248221292452108 0.038113788834137
0.0414301862763723 -0.0161061741115032 -0.00561609527815227 0.0230313505557289 0.0290713788571963 0.00281749375051979 0.106578301042089 -0.0741454129873637
0.00296154181322757 0.0117305776283731 0.00367685501590595 0.00728403712150948 0.0028174937505198 0.00835080745004755 -0.034910489592323 0.0230144370567385
0.0118501310638345 0.0172985502842598 0.0477377541139508 0.0248221292452108 0.106578301042089 -0.034910489592323 0.219187353153304 -0.0636286741567433
-0.0417364080289101 0.0339405694261382 0.0237651886871331 0.038113788834137 -0.0741454129873637 0.0230144370567385 -0.0636286741567433 0.0950379589941284
