0.0494194685246973 -0.0483158066118518 -0.00172559083693169 -0.0238782843521345 0.0448366547571289 0.0154416193382875 0.0214012511393364 -0.0637046389403237
-0.0483158066118518 0.0540861441894449 0.0414041320804823 0.0284721387273826 -0.0392732227936963 -5.49171963658234e-06 0.00842910847490049 0.0494829006583049
-0.00172559083693169 0.0414041320804823 0.0128664586164991 0.00544430861446063 -0.0259044644374756 0.0171606407113533 0.0190837283373762 0.0158211253710847
-0.0238782843521345 0.0284721387273826 0.00544430861446063 0.0322133277605345 -0.0081540986684973 -0.0227874999459054 -0.0122262679166417 0.05474235770344
0.0448366547571289 -0.0392732227936963 -0.0259044644374757 -0.0081540986684973 0.0143043688818145 0.0132270702635742 0.05009247580375 -0.0562180355506541
0.0154416193382875 -5.49171963657734e-06 0.0171606407113533 -0.0227874999459054 0.0132270702635742 0.0471840739832905 -0.0540458068760237 0.00432727534423504
0.0214012511393364 0.00842910847490049 0.0190837283373762 -0.0122262679166417 0.05009247580375 -0.0540458068760237 0.0883080706144521 -0.0582984590106275
-0.0637046389403237 0.0494829006583049 0.0158211253710847 0.05474235770344 -0.0562180355506541 0.00432727534423504 -0.0582984590106275 0.0882947075251617
