0.0603479608225678 -0.036879236696908 -0.041146905831534 0.0229664541061865 0.0679627023870667 0.0141022947682866 0.0617596167462249 0.0106238920240956
-0.036879236696908 0.100566886364614 0.0711733878883345 0.0370728167228799 0.0182418182412699 -0.0238569479196763 -0.0110204211433597 0.0579276283619288
-0.041146905831534 0.0711733878883345 0.0801172800416739 0.0011180947750035 -0.00802926311952615 0.0107169818128585 0.00503917628567087 0.0416522219438418
0.0229664541061865 0.0370728167228799 0.00111809477500349 0.0342008225175507 0.0385499853160337 -0.0116039708099335 0.0373328068590991 0.0291853739169734
0.0679627023870667 0.0182418182412699 -0.00802926311952616 0.0385499853160337 0.0593469100272502 -0.00655634183537184 0.125305897582292 0.0488986787529382
0.0141022947682866 -0.0238569479196763 0.0107169818128585 -0.0116039708099335 -0.00655634183537184 -0.0222578963164057 -0.00560730178131644 0.00122520858131359
0.0617596167462249 -0.0110204211433597 0.00503917628567088 0.0373328068590991 0.125305897582292 -0.00560730178131644 0.0634838997033416 0.0170632146441275
0.0106238920240956 0.0579276283619288 0.0416522219438418 0.0291853739169734 0.0488986787529382 0.00122520858131359 0.0170632146441275 0.0728020062058283
