0.0457469375728633 -0.0209691826785445 -0.0326554329766213 -0.0279460244037738 0.0415936270175441 0.00328299060732281 0.00586554580033149 -0.0378511438959127
-0.0209691826785445 0.0488177961346076 0.0561068063580879 0.00332686357960972 0.00937070371382822 0.00886743542991972 0.00106095250085568 0.0193043544999557
-0.0326554329766213 0.0561068063580879 0.102396642834057 0.00236400030089382 0.0150486216949992 0.00926597897404392 0.111511773693702 -0.0116949611732975
-0.0279460244037738 0.00332686357960972 0.00236400030089382 0.0817173168491295 -0.0377154808307926 -0.0136396339039796 0.0242365510868116 0.0548529465261806
0.0415936270175441 0.00937070371382822 0.0150486216949992 -0.0377154808307926 -0.0174622720745901 -0.0004536581599753 0.0586565590523543 -0.0445995133367415
0.00328299060732281 0.00886743542991971 0.00926597897404392 -0.0136396339039796 -0.000453658159975302 -0.0156781275677583 -0.052353336149219 0.0211687169978824
0.00586554580033148 0.00106095250085567 0.111511773693702 0.0242365510868116 0.0586565590523543 -0.052353336149219 0.217946447462442 -0.0572242975468447
-0.0378511438959127 0.0193043544999557 -0.0116949611732975 0.0548529465261806 -0.0445995133367415 0.0211687169978824 -0.0572242975468447 0.0355242370250652
