0.118457851971184 -0.128538559579911 -0.131894781680297 -0.0524958981029083 0.0785219543543987 0.0318089585174154 -0.028851105353479 -0.109767154234552
-0.128538559579911 0.138220125176376 0.166099906057887 0.0445197641176936 -0.0583525803216777 -0.0047296145232814 0.0509550759721639 0.111802257408459
-0.131894781680297 0.166099906057887 0.202667799407517 0.0749929836442037 -0.0351472179178129 0.0031052591299754 0.167199929976391 0.113698658550507
-0.0524958981029083 0.0445197641176936 0.0749929836442037 0.0994469382560334 -0.0294710847385148 -0.0242236918621493 0.0623201267160993 0.0831592797488092
0.0785219543543987 -0.0583525803216777 -0.0351472179178129 -0.0294710847385148 -0.0447062013987403 0.0254741427036106 0.0815663876819144 -0.0697072569128723
0.0318089585174154 -0.0047296145232814 0.0031052591299754 -0.0242236918621493 0.0254741427036106 -0.00914901255736241 -0.0433835167643559 -0.000603000844776712
-0.028851105353479 0.050955075972164 0.167199929976391 0.0623201267160993 0.0815663876819144 -0.0433835167643559 0.354843324905033 -0.0352643618985167
-0.109767154234552 0.111802257408459 0.113698658550507 0.0831592797488092 -0.0697072569128723 -0.000603000844776708 -0.0352643618985167 0.120218954823153
