0.0894199566022607 -0.0587986757155605 -0.0318400437999901 -0.0746238771818692 0.0574218398468051 0.0636527143181981 -0.0087781405492602 -0.0859345457551888
-0.0587986757155605 0.0817693783107411 0.0914893355893926 0.0897833230696816 -0.0183063764715642 -0.0396427624746915 0.0679091027676598 0.0754817153065395
-0.0318400437999901 0.0914893355893926 0.0993397978667214 0.0671423023709759 -0.0133204357872639 -0.00181365177779792 0.138528036381054 0.0343669875469686
-0.0746238771818692 0.0897833230696816 0.0671423023709759 0.154765974762471 -0.0342431498645602 -0.0905594763666664 0.073638038740942 0.134366283943492
0.0574218398468051 -0.0183063764715642 -0.0133204357872639 -0.0342431498645602 -0.0676564974437972 0.039020243873923 -0.0080072560231286 -0.0498882324866805
0.0636527143181981 -0.0396427624746915 -0.00181365177779792 -0.0905594763666664 0.039020243873923 0.0285398472978344 -0.00718806793019416 -0.0876703281477257
-0.0087781405492602 0.0679091027676598 0.138528036381054 0.073638038740942 -0.0080072560231286 -0.00718806793019416 0.217289848964725 -0.0162349411343774
-0.0859345457551888 0.0754817153065395 0.0343669875469686 0.134366283943492 -0.0498882324866805 -0.0876703281477257 -0.0162349411343774 0.132117531382952
