0.0536877205049663 -0.0609192256451552 -0.0319598883924232 -0.0213685541152888 0.0596012258730274 0.028044477997384 0.0546966924784647 -0.0695480448570642
-0.0609192256451552 0.147128557106204 0.0955346039853884 -0.00797534356878398 -0.0174014758770549 0.0191591178261561 -0.0459743492199372 0.100719600303613
-0.0319598883924232 0.0955346039853884 0.0646833189236918 -0.00854000777213885 -0.013378780806867 0.0177484682563175 0.00232997739855782 0.0631614451718844
-0.0213685541152888 -0.00797534356878398 -0.00854000777213885 0.0953828141945139 -0.0537692990650859 -0.0341606291975311 0.0100491689263077 0.038053564790999
0.0596012258730274 -0.0174014758770549 -0.013378780806867 -0.0537692990650858 0.0746037857544412 0.0355067027646467 0.0339226478016152 -0.0392999083165697
0.028044477997384 0.0191591178261561 0.0177484682563175 -0.0341606291975311 0.0355067027646467 -0.0061562073113625 0.00467087641236403 -0.0136348778345082
0.0546966924784647 -0.0459743492199372 0.00232997739855782 0.0100491689263077 0.0339226478016152 0.00467087641236403 0.0414224854309846 -0.0643683280785399
-0.0695480448570642 0.100719600303613 0.0631614451718844 0.038053564790999 -0.0392999083165697 -0.0136348778345082 -0.0643683280785399 0.116675826822385
