0.0775617046009204 -0.038287399114847 -0.00599540336591327 -0.0258490337112915 0.122076220904001 0.0349621716274505 0.0571338167062063 -0.0520541578268818
-0.038287399114847 0.0829133691505149 0.0419561745993163 -0.0410186291335957 -0.0512744700588884 0.042164401811946 0.0239308504587307 0.0101560391332372
-0.00599540336591327 0.0419561745993163 0.068020667488385 0.0218883328927706 0.022095815741439 0.0367012177782974 0.0271733237090295 0.0420223812195474
-0.0258490337112915 -0.0410186291335957 0.0218883328927706 0.209587366377202 -0.0701782801702165 -0.0137679078166673 -0.0916194027627712 0.139403564040654
0.122076220904001 -0.0512744700588884 0.022095815741439 -0.0701782801702165 0.0714342744252889 0.0555187128217947 0.138881839953356 -0.0664671495495763
0.0349621716274505 0.042164401811946 0.0367012177782974 -0.0137679078166673 0.0555187128217947 0.0202002539986778 0.0119537922902627 -0.000824852201418198
0.0571338167062063 0.0239308504587307 0.0271733237090295 -0.0916194027627712 0.138881839953356 0.0119537922902627 0.117329821183696 -0.078507632837217
-0.0520541578268818 0.0101560391332372 0.0420223812195474 0.139403564040654 -0.0664671495495762 -0.000824852201418193 -0.078507632837217 0.0811749694914401
