0.0335995066117831 -0.0332824874202718 -0.0152184279382855 -0.016991805065995 0.0215790571337178 0.0120792197515755 0.0219982325939801 -0.0400250825467787
-0.0332824874202718 0.0178665951824168 0.01010314129807 0.0105271143906772 -0.00119771086816388 -0.00197863546954489 -0.0280455408024689 0.0281885694064342
-0.0152184279382855 0.01010314129807 -0.00084758669901998 -0.0109395583536195 0.00454557144695149 -0.00150947365578935 0.0316989956278009 0.0039213253179164
-0.016991805065995 0.0105271143906772 -0.0109395583536195 0.10937473540539 -0.00448633461405316 -0.0271220263508897 0.0093568950130185 0.0771702767312935
0.0215790571337178 -0.00119771086816388 0.00454557144695148 -0.00448633461405316 -0.047093169455539 0.0306078276762778 0.0568089556379698 -0.0180457011121592
0.0120792197515755 -0.00197863546954489 -0.00150947365578935 -0.0271220263508897 0.0306078276762778 0.00495699210658461 0.00232063617996507 -0.0182878037615119
0.0219982325939801 -0.0280455408024689 0.0316989956278009 0.0093568950130185 0.0568089556379698 0.00232063617996507 0.0823185586610098 -0.013204420303274
-0.0400250825467786 0.0281885694064342 0.0039213253179164 0.0771702767312935 -0.0180457011121592 -0.0182878037615119 -0.013204420303274 0.0718324832877935
