0.106089131952381 -0.0732971384106262 -0.0489104213784508 -0.0141938966615719 0.0704956831283062 0.0922848776753762 0.0543988061867563 -0.0643258359731453
-0.0732971384106262 0.0837625298643065 0.0736754609792237 0.0183510264677399 -0.0706252830989972 -0.0460118882870232 -0.0175282724668137 0.0731882553192065
-0.0489104213784508 0.0736754609792237 0.0550266989278841 -0.00649018857464909 -0.0427766490694228 -0.0181574523973724 0.0339444924302496 0.0369429676513644
-0.0141938966615719 0.0183510264677399 -0.00649018857464909 0.0209864465247672 -0.0156081358765958 -0.0417089310168581 -0.010159212513321 0.0340009184059896
0.0704956831283061 -0.0706252830989972 -0.0427766490694228 -0.0156081358765958 0.0508839022959495 0.0750277259642045 0.104171848683346 -0.0552080297910335
0.0922848776753762 -0.0460118882870232 -0.0181574523973724 -0.0417089310168581 0.0750277259642045 0.0627026082649083 0.048358690482035 -0.064448943936231
0.0543988061867563 -0.0175282724668137 0.0339444924302496 -0.010159212513321 0.104171848683346 0.048358690482035 0.155071757863411 -0.0560478303577303
-0.0643258359731453 0.0731882553192065 0.0369429676513644 0.0340009184059896 -0.0552080297910335 -0.064448943936231 -0.0560478303577303 0.0587302645721847
