0.0562777007147996 -0.0466266958495997 -0.0230004526392969 -0.00774780237150124 0.0787910591005619 0.0420840251796082 0.0195893364301344 -0.0166823851124973
-0.0466266958495997 0.0714083094981453 0.0635945761004492 0.00510735404476622 -0.0348154956404738 -0.0152429949858164 -0.00757415979704252 0.0189424710729907
-0.0230004526392969 0.0635945761004492 0.083714476405142 -0.00323987438290815 0.000457398007142594 0.0194589891335643 0.0458014988318015 0.0440085502355385
-0.00774780237150124 0.00510735404476622 -0.00323987438290815 0.0680036303040189 0.0134489763594576 -0.0323051542481094 0.02999387579293 0.000435219991917757
0.0787910591005619 -0.0348154956404738 0.000457398007142588 0.0134489763594576 0.0512332978917912 0.0364232180758871 0.0781410004999578 0.00386797253754834
0.0420840251796082 -0.0152429949858164 0.0194589891335643 -0.0323051542481094 0.0364232180758871 0.0653206680201106 -0.0314063130889595 -0.0140790294477284
0.0195893364301344 -0.00757415979704252 0.0458014988318015 0.02999387579293 0.0781410004999578 -0.0314063130889595 0.0467880491760156 0.0369883892717036
-0.0166823851124973 0.0189424710729907 0.0440085502355385 0.000435219991917759 0.00386797253754834 -0.0140790294477284 0.0369883892717036 0.0247073059366473
