0.0501736782686544 -0.0264428892569065 -0.0225328457050374 -0.0344291626879745 0.0832373623727674 0.0175032332083712 0.0290676932731052 -0.0319677242601273
-0.0264428892569065 0.0273130102664282 0.0374420119465662 0.031994045139932 -0.0199336570822401 -0.00526113267281915 0.0219941916311587 0.0232242069063261
-0.0225328457050374 0.0374420119465662 0.0476853464467024 -0.00351761949085321 -0.0239376110039053 0.00816492847491792 0.0473653572967867 0.0161091461446205
-0.0344291626879745 0.031994045139932 -0.00351761949085322 0.0655204016856479 -0.023506768668912 -0.0193527067654187 -0.0379422847549402 0.0460603372772881
0.0832373623727673 -0.0199336570822401 -0.0239376110039052 -0.023506768668912 0.0534277077859247 0.0127497507066878 0.0231495398740347 -0.0372650340674419
0.0175032332083712 -0.00526113267281915 0.00816492847491792 -0.0193527067654187 0.0127497507066878 -0.0335004809089552 0.00746363045428224 -0.00913153706401284
0.0290676932731052 0.0219941916311587 0.0473653572967867 -0.0379422847549402 0.0231495398740347 0.00746363045428224 0.0861188815942941 -0.012537428983705
-0.0319677242601273 0.0232242069063261 0.0161091461446205 0.0460603372772881 -0.0372650340674419 -0.00913153706401284 -0.012537428983705 0.0459567427118739
