0.0740150001897993 -0.037114944228689 -0.0210302229512126 -0.035501876196037 0.0969950321679666 0.0205709854600983 0.0297146754249867 -0.0551404691707987
-0.037114944228689 0.0333585957782037 0.042678306773769 0.010420777733445 -0.0226737082617756 0.00565506674043778 -0.0205380127261967 0.0440390482259967
-0.0210302229512126 0.042678306773769 0.0761324119567502 -0.0239087135303103 0.0124136730080933 0.0373196696330465 -0.00640540498708174 0.0144691719764089
-0.035501876196037 0.010420777733445 -0.0239087135303103 0.0406532451565601 -0.0602158331653808 -0.0294415984556048 -0.0189476992606649 0.042958205517207
0.0969950321679666 -0.0226737082617756 0.0124136730080933 -0.0602158331653808 0.0348082680593963 0.049667501132021 0.0604669245286334 -0.0579657941395034
0.0205709854600983 0.00565506674043778 0.0373196696330465 -0.0294415984556048 0.049667501132021 0.00110852668107589 0.018425797137233 -0.0166940549616707
0.0297146754249867 -0.0205380127261967 -0.00640540498708174 -0.0189476992606649 0.0604669245286334 0.018425797137233 0.0418933941061654 -0.0674419235605378
-0.0551404691707987 0.0440390482259967 0.0144691719764089 0.042958205517207 -0.0579657941395034 -0.0166940549616707 -0.0674419235605378 0.0475186472131757
