0.0987298997303188 -0.101705893181786 -0.0612278272298411 -0.0049510696093008 0.122176850104098 0.0345733705442034 0.0769824608598616 -0.0713114260408496
-0.101705893181786 0.163434656537966 0.091701185775328 0.0252034714566217 -0.0737268235415718 -0.00785870257927931 -0.0508405973262803 0.112004248338763
-0.0612278272298411 0.091701185775328 0.0383204544704448 0.0133443688103209 -0.0639390378176691 -0.00147641874101348 -0.0227010399234095 0.0542975081070836
-0.0049510696093008 0.0252034714566217 0.0133443688103209 0.0548926062722157 0.0119416116263928 -0.00249838834887606 0.0175411532172693 0.0434886810326737
0.122176850104098 -0.0737268235415718 -0.0639390378176691 0.0119416116263928 0.0562331494564073 0.0258409615285354 0.13143578336577 -0.0538141839882004
0.0345733705442034 -0.00785870257927931 -0.00147641874101348 -0.00249838834887606 0.0258409615285354 -0.0120884346390616 -0.025399219858982 -0.00269650088554482
0.0769824608598616 -0.0508405973262803 -0.0227010399234095 0.0175411532172693 0.13143578336577 -0.025399219858982 0.123899900145109 -0.0532163295777806
-0.0713114260408497 0.112004248338763 0.0542975081070836 0.0434886810326737 -0.0538141839882004 -0.00269650088554482 -0.0532163295777806 0.0958661825485214
