0.047378329591669 -0.0414087972863197 -0.0284410638324756 -0.0198456446494074 0.0516898710749101 0.0377466958414931 -0.010949995420994 -0.0561174840089752
-0.0414087972863197 0.0660000429059096 0.0469718287747091 0.0214971956310552 -0.015318011794671 0.00332547804530151 0.0293602696944177 0.0545975474246896
-0.0284410638324756 0.0469718287747091 0.0611515940983806 0.0233044104921729 -0.050968629258925 0.00371857837768414 0.0397737202982881 0.0270624389147835
-0.0198456446494074 0.0214971956310552 0.0233044104921729 0.0318845475592916 -0.00217246601610634 0.006111628316113 0.0264723385022013 0.0196384735260336
0.0516898710749101 -0.015318011794671 -0.050968629258925 -0.00217246601610634 0.0242280062505832 0.0206100330971389 -0.0204440238176125 0.00114943041781241
0.0377466958414931 0.00332547804530151 0.00371857837768414 0.006111628316113 0.0206100330971389 -0.00762764262175296 0.00354496322015606 -0.0235313409980866
-0.010949995420994 0.0293602696944177 0.0397737202982881 0.0264723385022013 -0.0204440238176125 0.00354496322015607 -0.0298573146943326 -0.00193868435835644
-0.0561174840089752 0.0545975474246896 0.0270624389147835 0.0196384735260336 0.0011494304178124 -0.0235313409980866 -0.00193868435835644 0.0841630357207449
