0.0978349792413545 -0.0759546091886213 -0.0928989842928409 -0.00482535955788745 0.124676008790693 0.0276091180547113 -0.0363571591969289 -0.0492180061308161
-0.0759546091886213 0.121323742281276 0.133464281090741 -0.024977567134664 -0.0688877739490702 0.020921408697608 0.04835701284108 0.0126207509120991
-0.0928989842928409 0.133464281090741 0.138938500482958 -0.0576913773504357 -0.124386041790793 0.0160918299247112 0.10131017920991 0.00248039788082034
-0.00482535955788745 -0.024977567134664 -0.0576913773504357 0.188517180605349 0.0210839647714004 -0.0405779727195619 -0.0355099152480493 0.0976554144325312
0.124676008790693 -0.0688877739490702 -0.124386041790793 0.0210839647714004 0.137617733150082 0.0278000532312489 -0.0774487230409878 -0.0146978239080793
0.0276091180547113 0.020921408697608 0.0160918299247112 -0.0405779727195619 0.0278000532312489 -0.0113546254918383 -0.00175376685038246 -0.0219862165828834
-0.0363571591969289 0.04835701284108 0.10131017920991 -0.0355099152480493 -0.0774487230409878 -0.00175376685038245 0.145430433196167 -0.0268359542356028
-0.0492180061308161 0.0126207509120991 0.00248039788082034 0.0976554144325312 -0.0146978239080793 -0.0219862165828834 -0.0268359542356028 0.0802182687530935
