0.0579763368579297 -0.0402543819734113 -0.0198189933987064 -0.0185839243972047 0.0858462042578028 0.0388912262396403 0.0312505042298085 -0.0454042323105945
-0.0402543819734113 0.0700367858341724 0.0791786371776623 0.0307886073688487 -0.014203499344013 -0.00351287864846425 0.0322472690979964 0.0380252606331512
-0.0198189933987064 0.0791786371776623 0.0844550887493922 0.0110127338541503 -0.00515399953351494 0.0135627809088702 0.0628146677090575 0.0243527554964828
-0.0185839243972047 0.0307886073688487 0.0110127338541503 0.0589864107522674 -0.0216576822461238 -0.0217092537059163 0.0364010772164246 0.0415748279149144
0.0858462042578028 -0.014203499344013 -0.00515399953351494 -0.0216576822461238 -0.0130755180009244 0.0347861895916542 0.0818435977198098 -0.0465944308693507
0.0388912262396403 -0.00351287864846425 0.0135627809088702 -0.0217092537059163 0.0347861895916542 0.132967565302555 -0.140646409154068 0.0262966507833502
0.0312505042298085 0.0322472690979964 0.0628146677090575 0.0364010772164246 0.0818435977198098 -0.140646409154068 0.22239815972058 -0.0491201615090965
-0.0454042323105945 0.0380252606331512 0.0243527554964828 0.0415748279149144 -0.0465944308693507 0.0262966507833503 -0.0491201615090965 0.0375752295934153
