0.151482283978061 -0.108491073685599 -0.111201742269912 -0.0550930367548309 0.139842685177526 0.0416650349779119 -0.0225613461549645 -0.153056161622977
-0.108491073685599 0.0927638740222273 0.125826918463191 0.0411280483904505 -0.0463589676810459 -0.0110415692709441 0.0516659706508239 0.109017179842646
-0.111201742269912 0.125826918463191 0.147245527857302 0.0224408844893578 -0.0455030319890665 -0.00376113296066532 0.124593639138451 0.113077827133561
-0.0550930367548309 0.0411280483904505 0.0224408844893578 0.15459032871371 -0.05315904943349 -0.0524329693860145 0.000745632858846812 0.12286816786675
0.139842685177526 -0.0463589676810459 -0.0455030319890665 -0.05315904943349 0.0733963582557074 0.0362460959022541 0.0306772689748833 -0.111556678228407
0.0416650349779119 -0.0110415692709441 -0.00376113296066533 -0.0524329693860145 0.0362460959022541 0.00119984784766865 -0.0353394800387807 -0.0243711834447842
-0.0225613461549644 0.0516659706508239 0.124593639138451 0.000745632858846812 0.0306772689748833 -0.0353394800387807 0.110249233392817 0.0362350828574401
-0.153056161622977 0.109017179842646 0.113077827133561 0.12286816786675 -0.111556678228407 -0.0243711834447842 0.0362350828574401 0.199224842318981
