0.062065080944283 -0.0501487287230739 -0.0822199730818511 -0.0151917660863315 0.0802365357180473 0.0366040929763729 0.0102073299269434 -0.0530999979938715
-0.0501487287230739 0.0802922853520788 0.0921225675579094 0.0256184413135897 -0.041255052194955 0.0189706438732296 0.00869067551110689 0.0725612084160832
-0.0822199730818511 0.0921225675579094 0.124808447329708 0.011995816936067 -0.0704761574299807 -0.0172527428265312 0.018273643339204 0.0764664858650979
-0.0151917660863315 0.0256184413135897 0.011995816936067 0.057143267746326 -0.00792874940604699 -0.0182744450322343 -0.0393437665224004 0.0225433964309783
0.0802365357180473 -0.041255052194955 -0.0704761574299807 -0.00792874940604699 0.0360678638116371 0.0217691770564093 0.0554698283112782 -0.0660837553697067
0.0366040929763729 0.0189706438732296 -0.0172527428265312 -0.0182744450322343 0.0217691770564093 0.0299757105033048 -0.00365566595846932 0.00991299664706794
0.0102073299269434 0.00869067551110689 0.018273643339204 -0.0393437665224004 0.0554698283112782 -0.00365566595846933 0.0147704929386891 -0.0116901547772191
-0.0530999979938715 0.0725612084160832 0.0764664858650979 0.0225433964309783 -0.0660837553697067 0.00991299664706794 -0.0116901547772191 0.0608893207303653
