0.107023526821776 -0.0547023773040076 -0.0341376697436881 -0.0695300278205999 0.0503524072613017 0.0626206169732996 -0.00925466908226999 -0.0877928295394398
-0.0547023773040076 0.0437531745515036 0.0490020295905985 0.0253285616349386 -0.0172475743007787 -0.0115878986435515 0.0444347591070712 0.0678014882333557
-0.0341376697436881 0.0490020295905985 0.0970245595525293 0.00146343808870482 -0.0479099192992646 0.00962388725786096 0.0659519867616813 0.0329618811160843
-0.0695300278205999 0.0253285616349386 0.00146343808870482 0.109781131469763 -0.0243773629219119 -0.0529936247582679 -0.0342368152211922 0.0805190053096203
0.0503524072613017 -0.0172475743007787 -0.0479099192992646 -0.0243773629219119 -0.0446677943270786 0.00262473546547213 -0.0140162411774412 -0.00876426667855259
0.0626206169732996 -0.0115878986435515 0.00962388725786096 -0.0529936247582679 0.00262473546547213 0.0606947038265398 -0.00829257430136101 -0.0412941473292141
-0.00925466908226998 0.0444347591070712 0.0659519867616813 -0.0342368152211922 -0.0140162411774412 -0.00829257430136101 0.0744317670879969 0.0208671098865915
-0.0877928295394398 0.0678014882333557 0.0329618811160843 0.0805190053096203 -0.00876426667855259 -0.0412941473292141 0.0208671098865915 0.0918978132759171
