0.081934767687389 -0.0477234481610666 -0.00875138952978093 -0.0287230371873279 0.0723687973513467 0.0353379566501945 0.0711947634580564 -0.0539151718268084
-0.0477234481610666 0.115201023533324 0.119617535119284 0.0249066412590256 -0.0230008777795037 0.0465361226769184 0.0436320894971174 0.0733219207813642
-0.00875138952978093 0.119617535119284 0.124469146973407 0.0332051895354622 -0.0382439238201024 0.0690789336706595 0.105848835926337 0.0405035729999684
-0.0287230371873279 0.0249066412590256 0.0332051895354622 0.109408829833325 -0.0545970195144468 -0.0200793306000771 -0.00881077119597571 0.041331225025141
0.0723687973513467 -0.0230008777795037 -0.0382439238201024 -0.0545970195144468 0.0302256930046372 0.00847009722812153 0.0662301458528311 -0.00704158647116611
0.0353379566501945 0.0465361226769184 0.0690789336706595 -0.0200793306000771 0.00847009722812153 0.0160141653145084 0.0327484732132682 -0.00909294077104561
0.0711947634580564 0.0436320894971174 0.105848835926337 -0.00881077119597571 0.0662301458528311 0.0327484732132682 0.248248283701088 -0.0133734743634883
-0.0539151718268084 0.0733219207813642 0.0405035729999684 0.041331225025141 -0.00704158647116612 -0.00909294077104561 -0.0133734743634883 0.054750723715253
