0.146163337490138 -0.159282391845551 -0.117855501060603 -0.0273146054375822 0.102139133872859 -0.000100127272130366 -0.0362885622746874 -0.130567335733115
-0.159282391845551 0.248863998931179 0.186019260610049 0.00799821559554484 -0.0301025233512515 0.0367591566584353 0.0983562693094944 0.166185551351775
-0.117855501060603 0.186019260610049 0.181774304307492 -0.00553548652841513 -0.055630808090145 0.0400842899229793 0.176630220770612 0.0795407337037427
-0.0273146054375822 0.00799821559554483 -0.00553548652841513 0.114979165315659 -0.0517420839683662 -0.0387234623777198 -0.0723325225301276 0.06534907766176
0.102139133872859 -0.0301025233512515 -0.055630808090145 -0.0517420839683662 0.0390928004634919 0.0180393343531407 0.0323902559806154 -0.0488164791462722
-0.000100127272130367 0.0367591566584353 0.0400842899229793 -0.0387234623777198 0.0180393343531407 -0.0101163183006189 0.006833930586243 0.0068952648149589
-0.0362885622746874 0.0983562693094944 0.176630220770612 -0.0723325225301276 0.0323902559806154 0.006833930586243 0.284387067426206 -0.0401725421544517
-0.130567335733115 0.166185551351775 0.0795407337037427 0.06534907766176 -0.0488164791462722 0.0068952648149589 -0.0401725421544517 0.136957737745742
