0.126019790689727 -0.110643580254539 -0.0386983152207765 -0.0583286514536912 0.108556987563151 0.084944822206643 0.0844465763344007 -0.127622265749788
-0.110643580254539 0.222885438215051 0.190079499062048 -0.0486712018556974 -0.0569690440860739 0.014887066247305 -0.0291936290126444 0.121975193009364
-0.0386983152207765 0.190079499062048 0.179939166760145 -0.104693531111368 0.0433607278485369 0.030846983902555 0.138166438809252 0.0215142478869952
-0.0583286514536912 -0.0486712018556974 -0.104693531111368 0.232451360204339 -0.0638494741297096 -0.0865715153654974 -0.0368759007090118 0.158877685931232
0.108556987563151 -0.0569690440860739 0.0433607278485369 -0.0638494741297096 0.0387676710740297 0.000131832743641734 0.232217585887372 -0.122561342670535
0.084944822206643 0.014887066247305 0.030846983902555 -0.0865715153654974 0.000131832743641738 0.0692667089695876 -0.0764267323678481 -0.0612915724489516
0.0844465763344007 -0.0291936290126444 0.138166438809252 -0.0368759007090118 0.232217585887372 -0.0764267323678481 0.368672160409655 -0.0978985753067507
-0.127622265749788 0.121975193009364 0.0215142478869952 0.158877685931232 -0.122561342670535 -0.0612915724489516 -0.0978985753067507 0.173818868889729
