0.0402949778022632 -0.0285868036271057 -0.0102004745898756 -0.0395652481718264 0.0263017107189973 0.0280027706539785 0.0258398881083967 -0.0140522274058752
-0.0285868036271057 0.070047611434716 0.0870200176525934 0.0120983042625234 -0.00873690446925598 0.0293330975019665 0.0506225867665904 0.0372322447765366
-0.0102004745898756 0.0870200176525934 0.105691048138376 -0.0297123692511108 0.0180366706883398 0.0480991615500267 0.148884588672686 0.0379802466256989
-0.0395652481718264 0.0120983042625234 -0.0297123692511108 0.103561348853017 -0.0108174168166503 -0.0378030700334603 -0.0538517331108741 0.0222894142488164
0.0263017107189973 -0.00873690446925598 0.0180366706883398 -0.0108174168166503 -0.0987747306244846 0.0240468704649831 0.0591499666974494 0.0163694573293519
0.0280027706539785 0.0293330975019665 0.0480991615500267 -0.0378030700334603 0.0240468704649831 -0.01455919596773 0.0452327259367706 0.0123536452094981
0.0258398881083967 0.0506225867665904 0.148884588672686 -0.0538517331108741 0.0591499666974494 0.0452327259367706 0.204093339643956 0.0188475443168427
-0.0140522274058751 0.0372322447765366 0.0379802466256989 0.0222894142488164 0.0163694573293519 0.0123536452094981 0.0188475443168427 0.00885374211122148
