0.055175377502518 -0.0395438271257185 -0.0181446209953244 -0.0215591850750572 0.0457723080839757 0.039423121940025 0.03267482100835 -0.0493710864532714
-0.0395438271257185 0.128167715073349 0.067075109034258 0.0266761997705077 0.000570642041699807 0.0205319963080177 0.0470697350236092 0.0606884708678027
-0.0181446209953244 0.067075109034258 0.0553580887870369 0.0180855682274393 -0.00231152520355768 -0.00468898293455637 0.0367905908702309 0.0370219889168572
-0.0215591850750572 0.0266761997705077 0.0180855682274393 0.0140077290660782 -0.01625044935227 -0.0122448943223966 -0.00392519514906834 0.0248651040808756
0.0457723080839757 0.000570642041699803 -0.00231152520355768 -0.01625044935227 -0.044238440519755 0.0416878318496118 0.0364779914177035 -0.0206913672839324
0.039423121940025 0.0205319963080177 -0.00468898293455637 -0.0122448943223966 0.0416878318496118 0.00202276929781818 0.0196668325151693 -0.0134178003997284
0.03267482100835 0.0470697350236092 0.0367905908702309 -0.00392519514906834 0.0364779914177035 0.0196668325151693 0.124649936548553 -0.027229087526145
-0.0493710864532714 0.0606884708678027 0.0370219889168572 0.0248651040808756 -0.0206913672839324 -0.0134178003997284 -0.027229087526145 0.0438719160066535
