0.0820049718847388 -0.061439641522261 -0.0516991976680357 -0.0374723568761493 0.118085990392659 0.0635683187746372 0.0313809279528964 -0.0811043180156627
-0.061439641522261 0.0681382155149877 0.0923137687855472 0.0202809622682495 -0.0636651987444657 -0.00123933951094106 -0.00616078529787928 0.064679395623945
-0.0516991976680357 0.0923137687855472 0.135348572608428 -0.0160430699397128 -0.0613018433760566 0.00188149578799513 0.101180363056276 0.0207749331701877
-0.0374723568761493 0.0202809622682495 -0.0160430699397128 0.0683991517782323 -0.0617203580007964 -0.0387346097405928 -0.0345768063341683 0.0737007681845789
0.118085990392659 -0.0636651987444657 -0.0613018433760566 -0.0617203580007964 0.13821497837254 0.110062865929586 0.0747017984888414 -0.0993832929021509
0.0635683187746372 -0.00123933951094105 0.00188149578799513 -0.0387346097405928 0.110062865929586 0.0291894958227495 0.0115799942925612 -0.0415777154368171
0.0313809279528964 -0.00616078529787929 0.101180363056276 -0.0345768063341683 0.0747017984888414 0.0115799942925612 0.184608428705617 -0.0886177840489102
-0.0811043180156627 0.064679395623945 0.0207749331701877 0.0737007681845789 -0.0993832929021509 -0.0415777154368171 -0.0886177840489102 0.0918982924238744
