0.0875209023569753 -0.0417346903068011 -0.0643473562466107 -0.063221790196871 0.0887102900966831 0.0482947209912424 0.0284374149025868 -0.0781237258709317
-0.0417346903068011 0.0946271255898999 0.077077684970268 0.0412701180663693 0.0153092208633817 0.0180871745045811 0.0132538316137404 0.0607450892647732
-0.0643473562466107 0.077077684970268 0.135094703138402 0.00554200133486307 -0.0314172057434927 0.00749929575964749 0.0994570157663241 0.0582564475569825
-0.063221790196871 0.0412701180663693 0.00554200133486307 0.0890226535462375 -0.0410907046942292 -0.035154508386544 -0.0394228944228675 0.08362245668954
0.0887102900966831 0.0153092208633817 -0.0314172057434927 -0.0410907046942292 0.0192121182536928 0.035507014870068 0.123460117165615 -0.047299909146679
0.0482947209912424 0.0180871745045811 0.00749929575964749 -0.035154508386544 0.035507014870068 -0.0152893528373153 0.0240950647279871 -0.00832422025245467
0.0284374149025869 0.0132538316137404 0.0994570157663241 -0.0394228944228675 0.123460117165615 0.0240950647279871 0.192253490586571 -0.0374746509959757
-0.0781237258709317 0.0607450892647732 0.0582564475569825 0.08362245668954 -0.047299909146679 -0.00832422025245467 -0.0374746509959757 0.0906438734428854
