0.0297709350619157 -0.0240171068460156 -0.0303532860649409 -0.00636472663893511 0.0440643965732781 0.0149529551984514 0.00302402444120986 -0.0234987392702302
-0.0240171068460156 0.0981022919022472 0.12685579935494 -0.0238739955074158 -0.0100716257743568 0.0295815159929757 0.101768946913709 0.0168887271640948
-0.0303532860649409 0.12685579935494 0.150651507147089 -0.0338588648302359 -0.0422929693173846 0.0381489886531844 0.0819032349111261 0.0385350337957047
-0.00636472663893511 -0.0238739955074158 -0.0338588648302359 0.0378832793361101 0.0325923372786442 -0.0251445437071806 0.00849925530804782 0.0324608948297451
0.0440643965732781 -0.0100716257743568 -0.0422929693173846 0.0325923372786442 0.0319390570421301 -0.00271500698182769 0.0501493168120209 0.00332705068715693
0.0149529551984514 0.0295815159929757 0.0381489886531844 -0.0251445437071806 -0.0027150069818277 -0.0177043418531418 0.010560178278426 -0.00289143918981691
0.00302402444120987 0.101768946913709 0.0819032349111261 0.00849925530804783 0.0501493168120209 0.010560178278426 0.144541900338371 -0.00414794817817513
-0.0234987392702301 0.0168887271640948 0.0385350337957047 0.0324608948297451 0.00332705068715693 -0.00289143918981691 -0.00414794817817513 0.0614444063130938
