0.100257482029279 -0.0367138312648196 -0.0243884856779557 -0.0552312207709128 0.0509477409670017 0.0512784820145498 0.0404039646296419 -0.0593220021937988
-0.0367138312648196 0.120378393648721 0.124457473598443 0.027939374099977 0.0443731642778843 0.0414283172012717 0.0907867509637755 0.0494050686093159
-0.0243884856779557 0.124457473598443 0.125249225157444 0.0355157081447468 0.0477659234615141 0.0521751225727641 0.1546318109113 0.0478511791730144
-0.0552312207709128 0.027939374099977 0.0355157081447468 0.172067544814904 0.0136177508864958 -0.00125055628086583 -0.0188480035888038 0.141489731772123
0.0509477409670017 0.0443731642778843 0.0477659234615141 0.0136177508864958 0.023789451103879 0.0560859668965825 0.100800908252372 0.0511082544863316
0.0512784820145498 0.0414283172012717 0.0521751225727641 -0.00125055628086583 0.0560859668965825 0.016256732879124 0.0252646668309036 0.0217545514104897
0.0404039646296419 0.0907867509637755 0.1546318109113 -0.0188480035888038 0.100800908252372 0.0252646668309036 0.196158009761563 -0.0228808421470591
-0.0593220021937988 0.0494050686093159 0.0478511791730144 0.141489731772123 0.0511082544863316 0.0217545514104897 -0.0228808421470591 0.142451481233105
