0.0561996412211472 -0.0107050116236645 -0.00460633173778492 -0.0268178075147277 0.0491683710569105 0.0340371138785542 0.0513414617242876 -0.0256166078816903
-0.0107050116236645 0.0630892571691552 0.0769024481995873 -0.00262385423292722 0.0334667588470799 0.032151370278267 0.0324626513639942 0.0181190746294338
-0.00460633173778492 0.0769024481995873 0.172346906609995 -0.0549682276469977 -0.011386026992876 0.0608793119627254 0.0967823289058492 -0.0237374191378381
-0.0268178075147277 -0.00262385423292722 -0.0549682276469977 0.235579332124505 -0.0348986785923875 -0.043547247446426 -0.0355615382740723 0.0868843339027558
0.0491683710569105 0.0334667588470799 -0.011386026992876 -0.0348986785923875 0.0636514256160809 0.0219386253703268 0.133371983233631 -0.000413993439220724
0.0340371138785542 0.032151370278267 0.0608793119627254 -0.043547247446426 0.0219386253703268 -0.00405316868857282 0.0443738616134745 -0.0103431970593728
0.0513414617242876 0.0324626513639942 0.0967823289058491 -0.0355615382740723 0.133371983233631 0.0443738616134745 0.111904527794888 -0.0170991612734368
-0.0256166078816903 0.0181190746294338 -0.0237374191378381 0.0868843339027558 -0.000413993439220721 -0.0103431970593728 -0.0170991612734368 0.0175363793290316
