0.0360746180615936 -0.0235735934007915 -0.0262160072873742 -0.015526678985357 0.0624837869689513 0.0161743838515967 0.0305256848316833 -0.0307407183043597
-0.0235735934007915 0.0853621691914964 0.0767120963592157 0.0259639724395793 -0.0319663614434761 0.0373791950058125 0.039641250674799 0.0497920053984897
-0.0262160072873742 0.0767120963592157 0.0496489700727909 0.0165059202694566 -0.0307901813102217 0.0231183377691335 0.0267872173123392 0.0467624823039161
-0.015526678985357 0.0259639724395793 0.0165059202694566 0.092554592761242 -0.0437064380566715 -0.0305374110601422 -0.0436840217292019 0.0471992438782736
0.0624837869689513 -0.0319663614434761 -0.0307901813102217 -0.0437064380566715 0.0242282151090247 0.0349113231861284 0.0157142174698818 -0.0666057470074948
0.0161743838515967 0.0373791950058125 0.0231183377691335 -0.0305374110601422 0.0349113231861284 0.0119564523005611 0.0170986181393702 -0.00976822746048708
0.0305256848316833 0.039641250674799 0.0267872173123392 -0.0436840217292019 0.0157142174698818 0.0170986181393702 0.128459274305712 -0.0204528902990104
-0.0307407183043597 0.0497920053984897 0.0467624823039161 0.0471992438782736 -0.0666057470074948 -0.00976822746048707 -0.0204528902990104 0.0501641029681208
