0.0703190888820873 -0.0558323608810812 -0.042593197138269 0.0203455827622195 0.0968360973213881 0.0542226937163248 0.0183624789927827 -0.0122568232431832
-0.0558323608810812 0.130207221261978 0.0638447692231903 -0.0397426189489828 -0.0453337236350954 -0.00686863243688136 0.0188537985751173 0.00683956729867511
-0.042593197138269 0.0638447692231903 0.0564392782857599 -0.0389432266201471 -0.0391598509538742 -0.00595403409805183 0.030365016246517 0.0208240057496638
0.0203455827622195 -0.0397426189489828 -0.0389432266201471 0.110192417437303 0.0186116936804903 0.0180802879146004 -0.053707535781539 0.0454545566373721
0.0968360973213881 -0.0453337236350954 -0.0391598509538742 0.0186116936804903 0.0639739581856194 0.0421082734256801 0.0912983275319991 -0.0401456847808143
0.0542226937163248 -0.00686863243688136 -0.00595403409805183 0.0180802879146004 0.0421082734256801 0.0316277380526697 -0.0561586230461053 0.0251638664669735
0.0183624789927827 0.0188537985751173 0.030365016246517 -0.053707535781539 0.0912983275319991 -0.0561586230461053 0.14372417486634 -0.0649548664962296
-0.0122568232431832 0.00683956729867511 0.0208240057496638 0.0454545566373721 -0.0401456847808143 0.0251638664669735 -0.0649548664962296 0.0267768258239165
