0.0891529309137435 -0.0786965198885231 -0.0123034997802275 -0.0654851058856904 0.117304971929 0.0256151943728543 0.0656449126667158 -0.0874644001281621
-0.0786965198885231 0.121411246238919 0.0805131278697448 0.0569791159892587 -0.10869114043256 0.0203438928724324 -0.0171527881325634 0.11179322797651
-0.0123034997802275 0.0805131278697448 0.0753909325788127 -0.00681844638994025 -0.0318439981969756 0.0396768330266957 0.0630816958039471 0.0460253905932098
-0.0654851058856904 0.0569791159892587 -0.00681844638994025 0.0569589484904766 -0.0529520833386601 -0.0238018304500491 -0.0679423336005926 0.0577252205710993
0.117304971929 -0.10869114043256 -0.0318439981969756 -0.0529520833386601 0.102132628022468 0.027133528987238 0.0810538817427084 -0.118387731238465
0.0256151943728543 0.0203438928724324 0.0396768330266957 -0.0238018304500491 0.027133528987238 -0.000179728190857989 0.0438414684329899 0.0144563491492738
0.0656449126667158 -0.0171527881325634 0.0630816958039471 -0.0679423336005926 0.0810538817427084 0.0438414684329899 0.110790662586366 -0.0326949465807374
-0.0874644001281621 0.11179322797651 0.0460253905932098 0.0577252205710993 -0.118387731238465 0.0144563491492738 -0.0326949465807374 0.106259222564404
