0.109837177858788 -0.0686739654986656 -0.0587684493842265 -0.0302212772261439 0.103131704903767 0.0855412426420969 0.00996133904771754 -0.0795547245995144
-0.0686739654986656 0.0952069590955562 0.11595841988442 0.0299533139110654 -0.0380064516383199 -0.0178170076611521 0.0544615169441514 0.0803437356460136
-0.0587684493842265 0.11595841988442 0.175450783369939 -0.0163673284534752 -0.0176269980206246 -6.83954318121226e-05 0.0866231258901592 0.0952067360577113
-0.0302212772261439 0.0299533139110654 -0.0163673284534752 0.107392798972657 -0.0701594689698795 -0.0534308377901835 -0.0245096299443175 0.0704500502725003
0.103131704903767 -0.0380064516383198 -0.0176269980206246 -0.0701594689698796 0.0701443640414368 0.0806879082593684 0.0530435354067355 -0.0606646679007636
0.0855412426420969 -0.0178170076611521 -6.83954318121261e-05 -0.0534308377901835 0.0806879082593684 0.0230445403200961 0.0358373033444948 -0.0521127379148825
0.00996133904771754 0.0544615169441514 0.0866231258901593 -0.0245096299443174 0.0530435354067355 0.0358373033444948 0.0389337951021826 0.00200062368907778
-0.0795547245995144 0.0803437356460136 0.0952067360577113 0.0704500502725003 -0.0606646679007636 -0.0521127379148825 0.00200062368907778 0.0948679320665383
