0.13940626593907 -0.0825048668096161 -0.0466784762734037 -0.0315880339576435 0.116406390163075 0.0759045363487598 0.0803022846521161 -0.104419464741688
-0.0825048668096161 0.144909222996584 0.127464826957578 -0.047928905864709 -0.0282991158854804 0.0402953105603572 -0.00763429552228303 0.110763994481265
-0.0466784762734037 0.127464826957578 0.151072043446907 -0.0467302645802372 -0.0110698143788916 0.0648573119193428 0.0709440982512976 0.0651921160775446
-0.0315880339576435 -0.047928905864709 -0.0467302645802371 0.0913385957784384 -0.0398126982313603 -0.0733201680710506 -0.0270424177310159 0.0356513219893599
0.116406390163075 -0.0282991158854804 -0.0110698143788916 -0.0398126982313603 0.0204386601524233 0.0647768341383847 0.0961076304217134 -0.0572160527968412
0.0759045363487598 0.0402953105603572 0.0648573119193428 -0.0733201680710506 0.0647768341383847 0.0838218709780679 0.0235166494912485 -0.0318585703423956
0.0803022846521161 -0.00763429552228304 0.0709440982512976 -0.0270424177310159 0.0961076304217134 0.0235166494912485 0.125906080593239 -0.0164692240698764
-0.104419464741688 0.110763994481265 0.0651921160775446 0.0356513219893599 -0.0572160527968412 -0.0318585703423956 -0.0164692240698764 0.112458443907562
