0.0448033329164371 -0.020704460872884 -0.0267809588481136 -0.0273708116738319 0.026680804821133 0.0272084522951625 0.00461147603699725 -0.0379210755840473
-0.020704460872884 0.0378006139883778 0.0782291351472511 0.014059939704742 -0.000427341335611401 -0.00499931444894715 0.0428779265478669 0.0262365098858277
-0.0267809588481136 0.0782291351472511 0.10038542747045 -0.0150014253879988 -0.0158353130296573 -0.00191506840648624 0.088526450865774 0.00955133354392638
-0.0273708116738319 0.014059939704742 -0.0150014253879988 0.149351504356159 -0.038978138455664 -0.0430555358524516 -0.0681931010949016 0.109027899272949
0.026680804821133 -0.000427341335611403 -0.0158353130296573 -0.038978138455664 -0.0208320272912426 -0.00840123796304133 0.0922075237437381 -0.0375061241883281
0.0272084522951625 -0.00499931444894715 -0.00191506840648624 -0.0430555358524516 -0.00840123796304133 0.00287125427402101 -0.0419562341128888 -0.0093234674161841
0.00461147603699725 0.0428779265478669 0.088526450865774 -0.0681931010949016 0.0922075237437381 -0.0419562341128888 0.153304245472575 -0.0961251361429302
-0.0379210755840473 0.0262365098858277 0.00955133354392639 0.109027899272949 -0.0375061241883281 -0.0093234674161841 -0.0961251361429302 0.110308325300889
