0.107324961785727 -0.0881940227899655 -0.0589224570727664 -0.0314168333196096 0.077573214574919 0.0572625232592111 -0.0498614428526324 -0.0875322933302401
-0.0881940227899655 0.130939993028514 0.159905735477022 0.0257143004840745 -0.00779160805855859 -0.0123437984612503 0.153051543851377 0.0986713290680358
-0.0589224570727664 0.159905735477022 0.187853691607844 0.00471690549315013 0.027025641119175 0.00614402478787882 0.200686880360382 0.083906578373609
-0.0314168333196096 0.0257143004840745 0.00471690549315013 0.052422361113389 -0.021753599299987 -0.0278002585794361 0.0187105939153372 0.0398688961269117
0.077573214574919 -0.00779160805855859 0.027025641119175 -0.021753599299987 -0.0028887673133812 0.0574052215698188 0.0560989625878345 -0.011663268018212
0.0572625232592111 -0.0123437984612504 0.00614402478787882 -0.0278002585794361 0.0574052215698188 -0.00999599233351398 -0.0065271813890199 -0.0176749313938098
-0.0498614428526324 0.153051543851377 0.200686880360382 0.0187105939153372 0.0560989625878344 -0.0065271813890199 0.233353623292724 0.0772556872776558
-0.0875322933302401 0.0986713290680358 0.083906578373609 0.0398688961269117 -0.011663268018212 -0.0176749313938098 0.0772556872776558 0.0824523264793997
