0.0558383959156296 -0.0466090941126488 -0.0222532162206441 -0.0237326715796698 0.0626538736908439 0.0527847672983168 0.0723405044936736 -0.0773931018134545
-0.0466090941126488 0.131651684775115 0.105025603112219 0.0393722329344492 -0.00915050773579723 0.001452457527153 -0.0491521357003809 0.115461627579924
-0.0222532162206441 0.105025603112219 0.0945607733763032 0.0097158748088614 -0.0115001867675519 0.0351855125364493 0.0374549449974792 0.0512095641260113
-0.0237326715796698 0.0393722329344492 0.0097158748088614 0.0259238431082558 -0.0354092614253772 -0.0323053846712941 -0.0553331376504597 0.0693875204360696
0.0626538736908439 -0.00915050773579723 -0.0115001867675519 -0.0354092614253772 0.0266769985106253 0.0548239554122559 0.114378488185941 -0.0498192209299471
0.0527847672983168 0.001452457527153 0.0351855125364493 -0.0323053846712941 0.0548239554122559 0.0380666411946411 0.13104486635515 -0.0634473680779056
0.0723405044936736 -0.0491521357003809 0.0374549449974792 -0.0553331376504598 0.114378488185941 0.13104486635515 0.185559387355026 -0.128267473448313
-0.0773931018134545 0.115461627579924 0.0512095641260113 0.0693875204360696 -0.0498192209299471 -0.0634473680779056 -0.128267473448313 0.137391410332815
