0.160774697299391 -0.0988939383984171 -0.0693813514218466 -0.0445907625283917 0.151399885968474 0.0597485298016019 0.0872317818932664 -0.112407544891218
-0.0988939383984172 0.088197972632966 0.0807931754648626 0.00277332386325609 -0.0933928122235484 -0.0102763992696283 -0.0304207166277028 0.0767641768444298
-0.0693813514218466 0.0807931754648626 0.0915267009269393 -0.0355352585076292 -0.0657149701161911 -0.0202283565241939 0.00694578541136607 0.054847956204356
-0.0445907625283917 0.00277332386325609 -0.0355352585076292 0.0925391456280839 -0.0213337502141494 -0.0228784566160977 -0.0623754102968635 0.0492695235826092
0.151399885968474 -0.0933928122235484 -0.0657149701161911 -0.0213337502141494 0.0624130255416081 0.0600934571661473 0.0715349908596283 -0.0665912366129335
0.0597485298016019 -0.0102763992696283 -0.0202283565241939 -0.0228784566160977 0.0600934571661473 -0.0131140782384728 0.0137787153283557 -0.0134468795881862
0.0872317818932664 -0.0304207166277028 0.00694578541136607 -0.0623754102968635 0.0715349908596283 0.0137787153283557 0.105705736262343 -0.0651896354350012
-0.112407544891218 0.0767641768444298 0.054847956204356 0.0492695235826092 -0.0665912366129335 -0.0134468795881862 -0.0651896354350012 0.0712026374734978
