0.0962654384460717 -0.034227631993294 -0.0444086127006516 -0.0463692614037258 0.0457791203811958 0.0386363231662311 0.0517709251279447 -0.0557477835194021
-0.034227631993294 0.0275212403494743 0.0328284560478367 0.0250487951397091 0.0128699965035916 -0.00141544070853286 0.0136276436279382 0.0283972655795706
-0.0444086127006516 0.0328284560478367 0.0744467609333721 -0.00510007073403012 0.0371200560813417 0.020444785397865 0.0174896228693183 0.0244706036117372
-0.0463692614037258 0.0250487951397091 -0.00510007073403012 0.0506761249316164 -0.0119953808422408 -0.028167614101652 0.00205856762000127 0.0433145865860363
0.0457791203811958 0.0128699965035916 0.0371200560813417 -0.0119953808422408 0.0635390878213096 0.0194381195820825 0.098173678975896 -0.0228753388488198
0.0386363231662311 -0.00141544070853286 0.020444785397865 -0.028167614101652 0.0194381195820825 0.0118350793643612 -0.0270385560250805 0.000577026865127665
0.0517709251279447 0.0136276436279382 0.0174896228693183 0.00205856762000126 0.098173678975896 -0.0270385560250805 0.128909601561942 -0.0285570220370569
-0.0557477835194021 0.0283972655795706 0.0244706036117372 0.0433145865860363 -0.0228753388488198 0.000577026865127667 -0.0285570220370569 0.0143703424153502
