0.0642850712696331 -0.0702246982418118 -0.00826006527277669 0.00108711993450059 0.0945010528957674 -0.0209598715867772 0.0707684877352173 -0.0501221661846023
-0.0702246982418118 0.169920365900522 0.054166846965084 0.00251071431251011 -0.0573490523345859 0.0479382714990981 -0.0643502807088882 0.068648928936183
-0.00826006527277669 0.054166846965084 0.026335714572023 -0.00812778515735147 -0.0571692391853262 0.0162956101724255 0.00169551241944723 0.0272005516268258
0.00108711993450059 0.00251071431251011 -0.00812778515735147 0.0496662465825087 0.0172713678183967 -0.0267462443154525 0.0241604216103012 0.0449758033493126
0.0945010528957674 -0.0573490523345859 -0.0571692391853262 0.0172713678183967 0.150969850112423 -0.0242017473193589 0.104356611414326 -0.0801892266570023
-0.0209598715867772 0.0479382714990981 0.0162956101724255 -0.0267462443154525 -0.0242017473193589 0.0100021749264193 -0.0315997625007011 0.0226340101664591
0.0707684877352173 -0.0643502807088882 0.00169551241944723 0.0241604216103012 0.104356611414326 -0.0315997625007011 0.0691850927631223 -0.0605435132241879
-0.0501221661846023 0.068648928936183 0.0272005516268258 0.0449758033493126 -0.0801892266570023 0.0226340101664591 -0.0605435132241879 0.0763443872199035
