0.117921682804022 -0.0882664847463691 -0.0952281918372762 -0.0587028459331059 0.0940952051646265 0.0545021807269617 0.00266515058979502 -0.0786218294107272
-0.0882664847463691 0.159691093696313 0.156147510427635 0.0756263466238545 -0.0655354543345567 -0.00804638657844018 0.0520620319703695 0.088006721697941
-0.0952281918372762 0.156147510427635 0.177991891151211 0.0500024148337634 -0.0511906035209924 0.0166512091546054 0.140540027238067 0.07799563125
-0.0587028459331059 0.0756263466238545 0.0500024148337634 0.108311171610357 -0.0177045831375121 -0.0131248878636161 0.0415552524035648 0.0843566347447324
0.0940952051646265 -0.0655354543345567 -0.0511906035209924 -0.0177045831375121 0.0377904757446344 0.0544386800748477 0.0956306948615054 -0.0701075590586211
0.0545021807269617 -0.00804638657844018 0.0166512091546054 -0.0131248878636161 0.0544386800748477 -0.0109436603321615 0.0183867231084881 -0.0115622859379289
0.00266515058979502 0.0520620319703695 0.140540027238067 0.0415552524035648 0.0956306948615054 0.0183867231084881 0.307407134364282 -0.00952949797026747
-0.0786218294107272 0.088006721697941 0.07799563125 0.0843566347447324 -0.0701075590586211 -0.0115622859379289 -0.00952949797026746 0.0688381037679327
