0.042579594908201 -0.0213951315171367 -0.0243808688738038 -0.0142917217421309 0.0252634409664445 0.0270106297507176 0.0249069456916387 -0.0199613088812236
-0.0213951315171367 0.0381221280726557 0.0551998491091517 0.0066326105098329 -0.026625983880174 -0.017261565360777 0.0206418268151158 0.0195337968610404
-0.0243808688738038 0.0551998491091517 0.0437219573100324 -0.0055812845032361 -0.0489166930343085 -0.00499371292201464 0.024904670927335 0.0234299927997123
-0.0142917217421309 0.0066326105098329 -0.0055812845032361 0.0171864582493681 0.00378126031658231 -0.0111033754622198 -0.00502459410528205 0.0259497045943076
0.0252634409664445 -0.026625983880174 -0.0489166930343085 0.00378126031658231 0.0344803530564036 -0.00117259325075418 0.00712788203816631 -0.0221455998487179
0.0270106297507176 -0.017261565360777 -0.00499371292201465 -0.0111033754622198 -0.00117259325075418 -0.00197380629965261 -0.00734626591003 0.000630188411609894
0.0249069456916387 0.0206418268151159 0.024904670927335 -0.00502459410528205 0.00712788203816631 -0.00734626591003 0.0364569203973812 -0.0122768979091496
-0.0199613088812236 0.0195337968610404 0.0234299927997123 0.0259497045943076 -0.0221455998487179 0.000630188411609894 -0.0122768979091496 0.0015558928613577
