0.121738689023 -0.0311122928690718 0.00517151152795783 -0.0721687007678988 0.115114605944429 0.101815372085767 0.110789874804433 -0.0669848208671737
-0.0311122928690718 0.061228769489847 0.0732792550372051 -0.021339448697512 -0.00436499245532439 0.023767905244003 0.0357299181054248 0.0230388238622476
0.00517151152795783 0.0732792550372051 0.0855407520713301 -0.0824197291445532 0.0229240971808602 0.0446655652183642 0.131562595500777 -0.0360048742303404
-0.0721687007678988 -0.021339448697512 -0.0824197291445532 0.161422042046597 -0.0595999713349412 -0.101115561183278 -0.126964610591852 0.0949060631917396
0.115114605944429 -0.00436499245532439 0.0229240971808602 -0.0595999713349412 0.0268047926765352 0.0974649984447949 0.129742002302607 -0.0599153944366521
0.101815372085767 0.023767905244003 0.0446655652183642 -0.101115561183278 0.0974649984447949 0.0696380486139643 0.0996344566579055 -0.0493174623602744
0.110789874804433 0.0357299181054248 0.131562595500777 -0.126964610591852 0.129742002302607 0.0996344566579055 0.216177171783759 -0.131266649555276
-0.0669848208671737 0.0230388238622476 -0.0360048742303404 0.0949060631917396 -0.0599153944366521 -0.0493174623602744 -0.131266649555276 0.0793909895821625
