0.110422762589445 -0.0482471941469366 0.0150172726382691 -0.025547403692597 0.0540776640576239 0.0492671726733851 0.126752665482008 -0.0840711464440573
-0.0482471941469366 0.0552325500164093 0.0469045569756196 0.0236611922602186 -0.0107098291812274 0.035980316256887 -0.0263431452807748 0.0565967473481018
0.0150172726382691 0.0469045569756196 0.0687751950648829 0.0235479709057975 -0.0114668568123186 0.0309043019392493 0.0707453607873842 -0.00646913326221328
-0.025547403692597 0.0236611922602186 0.0235479709057975 0.097559481986396 -0.0409753779084012 -0.020047002980503 -0.0296412256566272 0.040119792587281
0.0540776640576239 -0.0107098291812274 -0.0114668568123186 -0.0409753779084012 0.0232494972904473 0.0531764283699956 0.0654677913607927 0.0196405574191881
0.0492671726733851 0.035980316256887 0.0309043019392493 -0.020047002980503 0.0531764283699956 0.0229275888611338 0.0542174628047873 -0.00119577932647096
0.126752665482008 -0.0263431452807748 0.0707453607873842 -0.0296412256566272 0.0654677913607927 0.0542174628047873 0.108206950678142 -0.0914515496622612
-0.0840711464440573 0.0565967473481018 -0.00646913326221328 0.040119792587281 0.0196405574191881 -0.00119577932647096 -0.0914515496622612 0.068201537079589
