0.0467919963979659 -0.0280534289235301 -0.0280622470194949 -0.0170961728591601 0.0826965845637648 0.0465715774447832 0.0244749895612272 -0.0160919245325035
-0.0280534289235301 0.0456383053213318 0.054301164434349 -0.0213687456244539 -0.014634085878028 0.016157216635049 -0.0111299311021875 0.0168947845597399
-0.0280622470194949 0.054301164434349 0.0593403699449568 -0.0159945919053429 -0.0364479349793861 -0.00403382938723231 0.0247356355575329 0.0116383853830416
-0.0170961728591601 -0.0213687456244539 -0.0159945919053429 0.056160673333815 -0.00975683998872052 -0.0379886235001556 0.00216942865379605 0.0277548651774611
0.0826965845637648 -0.014634085878028 -0.0364479349793861 -0.00975683998872052 0.0591630700681376 0.0650151519205574 0.0241844832169839 -0.00910851243322074
0.0465715774447832 0.016157216635049 -0.00403382938723231 -0.0379886235001556 0.0650151519205574 0.0235579857218973 0.00210326777872892 -0.0118753912567765
0.0244749895612272 -0.0111299311021875 0.0247356355575329 0.00216942865379605 0.0241844832169839 0.00210326777872893 -0.0533056461205092 -0.00385040932770865
-0.0160919245325035 0.0168947845597399 0.0116383853830416 0.0277548651774611 -0.00910851243322074 -0.0118753912567765 -0.00385040932770865 -0.0111219138593853
