0.114607546909073 -0.0876723106849784 -0.0842128974855847 -0.0531863835733312 0.0878224748293699 0.0330321563792808 -0.00941027685035676 -0.106551735996497
-0.0876723106849784 0.111774865924435 0.10358644376337 0.0360049355807713 -0.0197378423610654 -0.00102704001714302 0.0344349506441162 0.113688914542685
-0.0842128974855847 0.10358644376337 0.0976796555613529 0.013666573959134 -0.0435576833356836 0.000961168582818241 0.0692513015823711 0.091158093528937
-0.0531863835733312 0.0360049355807713 0.013666573959134 0.0936637642412322 -0.039573273758895 -0.0335346508616308 -0.0121766166870903 0.0735949894778975
0.0878224748293699 -0.0197378423610654 -0.0435576833356836 -0.039573273758895 0.0284270727771902 0.0421785199348198 0.0579541232388373 -0.0621726058764883
0.0330321563792808 -0.00102704001714302 0.000961168582818247 -0.0335346508616308 0.0421785199348198 -0.00989279864644157 -0.00376366876412137 -0.0174541700428819
-0.00941027685035676 0.0344349506441162 0.0692513015823711 -0.0121766166870903 0.0579541232388373 -0.00376366876412137 0.119587458252034 -0.0216702563714068
-0.106551735996497 0.113688914542685 0.091158093528937 0.0735949894778975 -0.0621726058764883 -0.0174541700428819 -0.0216702563714068 0.127094306283049
