0.0408957903578205 -0.0276681418669968 -0.0239861064104244 0.00172296225611975 0.0637242905379196 0.0137555994182469 0.00973289899669917 -0.0223236501406921
-0.0276681418669968 0.0662361362230698 0.0423099877551658 -0.0128589321900127 -0.0579416198726541 0.00759785612412294 0.0218501204803449 0.0329808146889703
-0.0239861064104244 0.0423099877551658 0.0796337460042789 -0.00421285975001224 -0.00789145275299739 0.0255647479383184 0.0945502223939335 0.0433321689902976
0.00172296225611975 -0.0128589321900127 -0.00421285975001224 0.0383225834354618 0.00609460248569691 -0.0138216294177118 0.00411624959456864 0.0254241357267896
0.0637242905379196 -0.0579416198726541 -0.00789145275299739 0.00609460248569691 0.0114049988658911 0.0235634867962563 0.0479508283111801 -0.0252242462100499
0.0137555994182469 0.00759785612412294 0.0255647479383184 -0.0138216294177118 0.0235634867962563 0.00838110129000823 -0.00712086107859039 0.0369560194128218
0.00973289899669917 0.0218501204803449 0.0945502223939335 0.00411624959456864 0.0479508283111801 -0.00712086107859039 0.143230990173581 -0.00166561763654604
-0.0223236501406921 0.0329808146889703 0.0433321689902976 0.0254241357267896 -0.0252242462100499 0.0369560194128218 -0.00166561763654604 0.0418998987606855
