0.112398139794261 -0.0490899988957862 -0.0335215665735895 -0.0544071492520684 0.0694657664032406 0.071995092265688 0.0754966488002084 -0.0548978344268901
-0.0490899988957862 0.0729277955705263 0.106466270490001 0.0110936247684356 0.00468571934972051 0.0207567406770437 0.00342314257852905 0.0760560670148991
-0.0335215665735895 0.106466270490001 0.133929547953039 0.0215962183867591 0.00317562954470021 0.0399815785334554 0.0580011421615839 0.0891971546534384
-0.0544071492520684 0.0110936247684356 0.0215962183867591 0.0828203064176587 -0.0600565576142962 -0.0334538346510662 -0.0115206137242029 0.0672847288654255
0.0694657664032406 0.00468571934972051 0.00317562954470021 -0.0600565576142962 -0.00179664647481894 0.0688079486093287 0.0549391432345912 -0.0236138522153603
0.071995092265688 0.0207567406770437 0.0399815785334554 -0.0334538346510662 0.0688079486093287 0.0312038801878605 0.0636054177602686 0.0221898586538916
0.0754966488002084 0.00342314257852905 0.0580011421615839 -0.0115206137242028 0.0549391432345912 0.0636054177602686 0.0393811468564855 0.0107254687185252
-0.0548978344268901 0.0760560670148991 0.0891971546534384 0.0672847288654255 -0.0236138522153603 0.0221898586538916 0.0107254687185252 0.120468186951387
