0.0741860228621899 -0.0649396815010392 -0.037399659128466 -0.0627992736561605 0.0710814276458991 0.0418573383458149 0.00870538560869869 -0.0607359627736643
-0.0649396815010392 0.101140118246393 0.109382172400227 0.0258472353779149 -0.0150110321556829 -0.00146466875645533 0.0743673047455501 0.0731898513729951
-0.037399659128466 0.109382172400227 0.099938916435838 -0.0229874299838239 0.0248478056384035 0.0368399427004152 0.0793423995193415 0.0569594328076835
-0.0627992736561605 0.0258472353779149 -0.0229874299838239 0.153620231220831 -0.0330512878142294 -0.0430822320608025 -0.0600062561128609 0.0993033182378496
0.0710814276458991 -0.0150110321556829 0.0248478056384035 -0.0330512878142294 -0.0198309895491308 0.0366172451199163 0.0521161844033361 -0.0201572330556381
0.0418573383458149 -0.00146466875645533 0.0368399427004152 -0.0430822320608025 0.0366172451199163 0.0137510709572384 -0.017753411766193 -0.015149292501811
0.00870538560869869 0.0743673047455501 0.0793423995193415 -0.0600062561128609 0.0521161844033361 -0.017753411766193 0.219429788056111 -0.0217465296275513
-0.0607359627736643 0.0731898513729951 0.0569594328076835 0.0993033182378496 -0.0201572330556381 -0.015149292501811 -0.0217465296275513 0.0637630861038693
