0.0689295406604836 -0.0676677508032945 -0.0931262031448674 -0.0462907470598011 0.0685792741655599 0.0351621789759868 -0.095360827784353 -0.0726090143350116
-0.0676677508032945 0.146963893184657 0.14452862957444 0.0787647839942373 -0.06700807071415 0.00184742270303007 0.126854368190527 0.0683903589370803
-0.0931262031448674 0.14452862957444 0.20258914574466 0.0184597513303016 -0.0709171468997934 -0.0273297369180518 0.243186603558327 0.107633320552433
-0.0462907470598011 0.0787647839942373 0.0184597513303016 0.120802316562461 -0.038515119032914 -0.0168940228286436 0.0291960193194029 0.0342076323475568
0.0685792741655599 -0.06700807071415 -0.0709171468997934 -0.038515119032914 -0.020202320551627 0.0458177587254171 -0.0858542812376706 -0.00920225013204307
0.0351621789759868 0.00184742270303007 -0.0273297369180518 -0.0168940228286436 0.0458177587254171 -0.00669915462116586 -0.063992335224977 -0.0137174695246452
-0.095360827784353 0.126854368190527 0.243186603558327 0.0291960193194029 -0.0858542812376706 -0.063992335224977 0.356983236717057 0.10187726929152
-0.0726090143350116 0.0683903589370803 0.107633320552433 0.0342076323475568 -0.00920225013204307 -0.0137174695246452 0.10187726929152 0.085011774715232
