0.0636004304430267 -0.0672423758777668 -0.037299415749886 -0.0281468227308238 0.0841592085362202 0.0400320666985407 0.0746094994560382 -0.04855069600701
-0.0672423758777668 0.12588051012958 0.0788812787065974 0.0249702387257414 -0.0321712764596067 0.0176345933145403 -0.0596545519440681 0.0609568184559194
-0.037299415749886 0.0788812787065974 0.0581537354421894 0.0287678483386925 -0.0265621515042314 -0.00988333505341742 0.0239657222889095 0.0386568022805061
-0.0281468227308238 0.0249702387257414 0.0287678483386925 0.0623449768591035 -0.0196247753065549 -0.0210738961408138 -0.000426031710147889 0.0294901668281784
0.0841592085362202 -0.0321712764596067 -0.0265621515042314 -0.0196247753065549 0.0101610725042373 0.0728958097294841 0.0834164846636262 -0.0451223148996338
0.0400320666985407 0.0176345933145403 -0.00988333505341742 -0.0210738961408138 0.0728958097294841 0.0273210043698916 -0.0280596036981929 0.00238856604997403
0.0746094994560382 -0.0596545519440681 0.0239657222889095 -0.000426031710147892 0.0834164846636262 -0.0280596036981929 0.238523114804721 -0.0451663194780629
-0.04855069600701 0.0609568184559194 0.0386568022805061 0.0294901668281784 -0.0451223148996338 0.00238856604997403 -0.0451663194780629 0.0280604040929399
