0.0609979827877591 -0.012672443720002 -0.0278288487617915 -0.0248548782068321 0.0674836044976133 0.0425550413890866 -0.014297304490857 -0.0664222494054577
-0.012672443720002 0.0543921779428106 0.0475229927205036 -0.00101059436195024 -0.024549059070951 0.0159035144529353 0.024444038365676 0.0145693043219084
-0.0278288487617915 0.0475229927205036 0.0278739554415903 -0.00245068284448344 -0.0559285412832716 -0.00130827684820129 0.0376829979171465 0.0312944007597571
-0.0248548782068321 -0.00101059436195024 -0.00245068284448344 0.0545761031801943 -0.00405835466323766 -0.0345608002307383 0.000601502510479091 0.043539168927076
0.0674836044976133 -0.024549059070951 -0.0559285412832716 -0.00405835466323766 0.0247143526866876 0.0365559790085813 -0.0284973754151291 -0.0698409431181879
0.0425550413890866 0.0159035144529353 -0.00130827684820129 -0.0345608002307383 0.0365559790085813 0.0251939586640195 -0.00625668314528664 -0.0459752385694718
-0.014297304490857 0.024444038365676 0.0376829979171465 0.000601502510479091 -0.0284973754151291 -0.00625668314528664 0.0505302929712497 0.0153167323052445
-0.0664222494054577 0.0145693043219084 0.0312944007597571 0.043539168927076 -0.0698409431181879 -0.0459752385694718 0.0153167323052445 0.0626007504191012
