0.0325977068604008 -0.0363805082677874 -0.026326935519899 -0.0152038454979723 0.023072725091468 0.000989678549608364 0.0119242210887341 -0.0470198123085196
-0.0363805082677874 0.072734898763442 0.0555206812060526 0.016204956251872 -0.0217078188565085 0.027404501120211 -0.00828236783732995 0.059794986333731
-0.026326935519899 0.0555206812060526 0.0485646127846512 -0.0131760168830957 -0.0244737665166974 0.0204805437563048 0.0321993249675254 0.0273216052663802
-0.0152038454979723 0.016204956251872 -0.0131760168830957 0.0622211379305268 0.0111825884833826 -0.0448509868211798 0.00932800547640572 0.0195703465888585
0.023072725091468 -0.0217078188565085 -0.0244737665166974 0.0111825884833826 -0.0657568768833215 -0.00968448115336872 -0.00481813326640233 -0.00470369332034996
0.000989678549608363 0.027404501120211 0.0204805437563048 -0.0448509868211798 -0.00968448115336873 0.00158854986961836 -0.0505382718487945 0.0288026104831522
0.0119242210887341 -0.00828236783732995 0.0321993249675254 0.00932800547640572 -0.00481813326640234 -0.0505382718487945 0.0741642399295099 -0.0705172950724338
-0.0470198123085196 0.059794986333731 0.0273216052663802 0.0195703465888585 -0.00470369332034996 0.0288026104831522 -0.0705172950724338 0.122317999605849
