0.0388076748100778 -0.0374573782764886 -0.0393610015453879 -0.0369881015329813 0.0507766464768433 0.0241839454537266 0.0108080435211775 -0.0589751117798108
-0.0374573782764886 0.0960611886563933 0.0927447183707256 0.0304888365763151 -0.0102901536168051 -0.00231897945984959 0.0222402412650572 0.0571098362499597
-0.0393610015453879 0.0927447183707256 0.12364319897581 0.00961577346633176 0.0175882264155206 0.0123180300120327 0.0412078161992148 0.0763422887948165
-0.0369881015329813 0.0304888365763151 0.00961577346633176 0.108913661695423 -0.0226737908579628 -0.0347463925289228 0.00119431941633372 0.0943531203178646
0.0507766464768433 -0.0102901536168051 0.0175882264155206 -0.0226737908579628 -0.0482390002974958 0.0342302655837996 0.0232896369565132 -0.009502303120108
0.0241839454537266 -0.00231897945984959 0.0123180300120327 -0.0347463925289228 0.0342302655837996 0.00436928227218286 -0.0383054270963377 0.000437321119506239
0.0108080435211775 0.0222402412650572 0.0412078161992148 0.00119431941633373 0.0232896369565132 -0.0383054270963377 0.0820260083750495 -0.0218958874099421
-0.0589751117798108 0.0571098362499597 0.0763422887948165 0.0943531203178646 -0.009502303120108 0.000437321119506245 -0.0218958874099421 0.140832608970942
