0.0919346029665446 -0.0774628028759212 -0.0603975382837766 -0.0193585589199163 0.113736379004728 0.0436565796683031 0.0529469376418027 -0.0954865790519714
-0.0774628028759212 0.105012140108277 0.113051804746076 0.00972067207615363 -0.0519206824884242 -0.0141106952065176 0.0300267480754532 0.0797738699270685
-0.0603975382837766 0.113051804746076 0.138654900760319 -0.0122581333488735 -0.07703767770968 0.00684778412879544 0.0656592523202597 0.0571629022609066
-0.0193585589199163 0.00972067207615363 -0.0122581333488735 0.0830026064363369 -0.0278814352848156 -0.047237324825466 0.0313579882446485 0.051304501185945
0.113736379004728 -0.0519206824884242 -0.07703767770968 -0.0278814352848156 0.0730268223792855 0.0480848637582819 0.0503941232199102 -0.0783378140716947
0.0436565796683031 -0.0141106952065176 0.00684778412879544 -0.047237324825466 0.0480848637582819 0.00341796542829042 -0.011258053944949 -0.0257987029359994
0.0529469376418027 0.0300267480754532 0.0656592523202597 0.0313579882446485 0.0503941232199102 -0.011258053944949 0.135742268945695 -0.0510366924075875
-0.0954865790519714 0.0797738699270685 0.0571629022609066 0.051304501185945 -0.0783378140716947 -0.0257987029359994 -0.0510366924075875 0.101032851387953
