0.160812305247749 -0.128034817813059 -0.13218273818242 -0.0271543345512937 0.122478247072771 0.0645413624959605 0.000138820148762003 -0.13254745754599
-0.128034817813059 0.143980764662873 0.16756592464227 0.052136330401611 -0.0586068683904503 -0.0201538922690283 0.0365223550475304 0.138184535553801
-0.13218273818242 0.16756592464227 0.220001363765661 0.0371932115380211 -0.0792607594477064 -0.00968852004001811 0.0927409841757032 0.154221568102898
-0.0271543345512937 0.052136330401611 0.0371932115380211 0.0514167294521038 -0.00348555085788523 -0.0148994988741808 0.0407467280993487 0.0618569020069254
0.122478247072771 -0.0586068683904503 -0.0792607594477064 -0.00348555085788523 0.0321102605755651 0.0597095271314803 -0.00123576883506724 -0.0684398720653748
0.0645413624959605 -0.0201538922690284 -0.00968852004001812 -0.0148994988741808 0.0597095271314803 0.0215838300111491 -0.0240967836002358 -0.0334234403920153
0.000138820148762006 0.0365223550475304 0.0927409841757032 0.0407467280993487 -0.00123576883506723 -0.0240967836002358 0.125556618544573 -0.0180860707224194
-0.13254745754599 0.138184535553801 0.154221568102898 0.0618569020069254 -0.0684398720653748 -0.0334234403920153 -0.0180860707224194 0.158680670050836
