0.0801424398028587 -0.0541796161165819 -0.0448154099853241 -0.0551712624980416 0.0332714758431132 0.0406868627441498 0.0318191447555781 -0.0386031224834457
-0.0541796161165819 0.0513093964864305 0.0783311346371026 0.0220449150219669 0.0154188568561456 0.00309192384523225 0.0590312089876595 0.041482363729622
-0.0448154099853241 0.0783311346371026 0.104370906988471 -0.0148457222003514 0.00742310998846658 0.0357342224114406 0.114098808875814 0.0291847735420102
-0.0551712624980416 0.0220449150219669 -0.0148457222003514 0.128642408673648 -0.00478389833797628 -0.0201298605316355 -0.0565646708163938 0.0343735871596468
0.0332714758431132 0.0154188568561456 0.00742310998846658 -0.00478389833797628 0.117761329542046 0.047059250392096 0.142310109594721 0.00417261336507823
0.0406868627441498 0.00309192384523225 0.0357342224114406 -0.0201298605316355 0.047059250392096 0.0101899407494789 0.0676845543100106 0.000830605053518808
0.0318191447555781 0.0590312089876595 0.114098808875814 -0.0565646708163938 0.142310109594721 0.0676845543100106 0.189114374162191 -0.0186321271082259
-0.0386031224834457 0.041482363729622 0.0291847735420102 0.0343735871596468 0.00417261336507822 0.000830605053518812 -0.0186321271082259 0.0483028830667586
