0.0920875482369835 -0.00591441375165666 -0.0675909191626708 -0.0341157777556647 0.131683364285205 0.0479316584439198 -0.0268405846846312 -0.0622658235662814
-0.00591441375165666 0.113502268558651 0.119318482399696 0.00277815780887098 0.0205161107197839 0.0210991050299421 0.117862949748957 0.103530715738551
-0.0675909191626708 0.119318482399696 0.140823496448393 0.0533567564685873 -0.0583250590932999 0.0301981844909558 0.18379437046745 0.144447746296745
-0.0341157777556647 0.00277815780887098 0.0533567564685873 0.187758754395682 -0.0348491745916655 -0.0950782163739648 0.0536529270865911 0.100403222815366
0.131683364285205 0.0205161107197839 -0.0583250590932999 -0.0348491745916655 0.0744836725724067 0.0251767054093932 -0.0432540052507022 -0.00268154029884091
0.0479316584439198 0.0210991050299421 0.0301981844909558 -0.0950782163739648 0.0251767054093932 0.0745814050270272 -0.0171102484487453 -0.0492010670209745
-0.0268405846846312 0.117862949748957 0.18379437046745 0.0536529270865911 -0.0432540052507022 -0.0171102484487453 0.253631498448398 0.108775214968731
-0.0622658235662814 0.103530715738551 0.144447746296745 0.100403222815366 -0.00268154029884091 -0.0492010670209745 0.108775214968731 0.175668359758913
