0.0547511788758843 -0.0518354984558257 -0.0527139773273756 -0.0434151623231703 0.0931471940522861 0.0458795132616817 -0.0120640257002586 -0.041141850803582
-0.0518354984558257 0.0945809383293422 0.0985151631256784 0.0377817989671977 -0.0263346196419542 -0.0176615733967973 0.105318851857771 0.061985873170856
-0.0527139773273756 0.0985151631256784 0.132615972902386 0.00680235450128589 -0.0442550187272534 -0.00557856104706956 0.151007306293999 0.068433982768825
-0.0434151623231703 0.0377817989671977 0.0068023545012859 0.086096627809604 -0.0535722124902913 -0.0531894426515398 -0.0193919562793836 0.0334405838017006
0.0931471940522861 -0.0263346196419542 -0.0442550187272534 -0.0535722124902913 0.0640901585537746 0.067537235840769 0.00485318858993841 -0.0342499278738338
0.0458795132616817 -0.0176615733967973 -0.00557856104706956 -0.0531894426515398 0.067537235840769 0.0150841623295299 0.022461085656893 -0.0219332614140788
-0.0120640257002586 0.105318851857771 0.151007306293999 -0.0193919562793836 0.00485318858993841 0.022461085656893 0.205357226853483 0.0194506478017701
-0.041141850803582 0.061985873170856 0.068433982768825 0.0334405838017006 -0.0342499278738338 -0.0219332614140788 0.0194506478017701 0.0458274844925868
