0.0842123231429816 -0.0617383625045033 -0.0782729688207427 -0.0610883524535594 0.0803253063849053 0.0912046871425872 -0.0540338428439687 -0.0771042547047753
-0.0617383625045033 0.093862956915523 0.127970155488143 0.0341878402171151 -0.0528777743992303 -0.0194480143034137 0.0562741602459659 0.0775493168961402
-0.0782729688207427 0.127970155488143 0.179605790481621 0.0347503667006766 -0.0896719983992051 -0.0288480573049816 0.128500281380116 0.0836133263167837
-0.0610883524535594 0.0341878402171151 0.0347503667006766 0.128503547076956 -0.0707011139666444 -0.0881669455571825 0.0628621470163372 0.0923748831708246
0.0803253063849053 -0.0528777743992303 -0.0896719983992051 -0.0707011139666444 0.072106850777637 0.0653526131997596 0.0232937098519198 -0.0911485915923557
0.0912046871425872 -0.0194480143034137 -0.0288480573049816 -0.0881669455571825 0.0653526131997596 0.0686597038866266 -0.0721712128428252 -0.0403457671590868
-0.0540338428439687 0.0562741602459659 0.128500281380116 0.0628621470163372 0.0232937098519198 -0.0721712128428252 0.161439713720108 0.0181848743766121
-0.0771042547047753 0.0775493168961402 0.0836133263167837 0.0923748831708246 -0.0911485915923557 -0.0403457671590868 0.0181848743766121 0.0802645213909652
