0.128116802838894 -0.0921023404987477 -0.0658108537190859 -0.0288470748486255 0.123360283761894 0.0473421545068871 0.0022787556999089 -0.0985647975166846
-0.0921023404987477 0.132598124944339 0.0936701566243801 0.0379862868736763 -0.0509534858904417 0.00306057085568716 0.00293834250389772 0.140526656851727
-0.0658108537190859 0.0936701566243801 0.0788789090993424 0.0357781479790685 -0.0734382880638101 0.0101024706592965 0.0582274953232134 0.0782295989071707
-0.0288470748486255 0.0379862868736763 0.0357781479790685 0.0736154516259014 -0.00331813068448306 -0.0341908383179596 0.0471680227829034 0.0738895540532268
0.123360283761894 -0.0509534858904417 -0.0734382880638101 -0.00331813068448306 0.0859611261018393 0.027919517894093 0.00239609727551882 -0.0622393963710594
0.0473421545068871 0.00306057085568716 0.0101024706592965 -0.0341908383179596 0.027919517894093 -0.00731088474355195 -0.00740743758760211 -0.0137796079676832
0.0022787556999089 0.00293834250389772 0.0582274953232134 0.0471680227829034 0.00239609727551881 -0.0074074375876021 0.0273935070107649 -0.000939285707046204
-0.0985647975166846 0.140526656851727 0.0782295989071707 0.0738895540532268 -0.0622393963710594 -0.0137796079676832 -0.000939285707046204 0.157457583868678
