0.0444549461487341 -0.0467980655543072 -0.0242715371538399 -0.0251088333524134 0.0550427694300937 0.0356018829371931 0.00806211738572505 -0.049791790982686
-0.0467980655543072 0.107558655341395 0.0835430020249738 0.0167154206178475 -0.0154323118312823 0.00713031245878414 0.0370794584106994 0.0565239063792595
-0.0242715371538399 0.0835430020249738 0.088640060584576 -0.0214948083222481 -0.0116424687111464 0.0186969654835466 0.0618046480467421 0.0349588594082268
-0.0251088333524134 0.0167154206178475 -0.0214948083222481 0.0939762501096105 -0.045875696606258 -0.0294936093488338 0.0150054213217784 0.0502429811319006
0.0550427694300937 -0.0154323118312823 -0.0116424687111464 -0.045875696606258 0.00201395959556635 0.0419842564723713 0.0230858533896975 -0.0271009215519464
0.0356018829371931 0.00713031245878414 0.0186969654835466 -0.0294936093488338 0.0419842564723713 0.0284290531242618 -0.0453793504000194 -0.00845357863512478
0.00806211738572505 0.0370794584106994 0.0618046480467421 0.0150054213217784 0.0230858533896975 -0.0453793504000194 0.156349965224268 -0.00132246459226341
-0.049791790982686 0.0565239063792595 0.0349588594082267 0.0502429811319006 -0.0271009215519464 -0.00845357863512478 -0.00132246459226341 0.0443099536651523
