0.0826996952597664 -0.0514200410707492 -0.0553807938711154 -0.0567824155623094 0.0582712531414217 0.0325609722427499 0.00390246067558325 -0.0734284794721687
-0.0514200410707492 0.0982702327653913 0.099591066248597 0.0265535415886577 0.00323578667917821 0.0115873730751638 0.075833912238159 0.075623757507828
-0.0553807938711154 0.099591066248597 0.0996846090746101 0.0213384723039036 0.0118893684526287 0.0302107495292895 0.0945009688999564 0.0775109922726236
-0.0567824155623095 0.0265535415886577 0.0213384723039036 0.0935394158788654 -0.0195328483911661 -0.0296681972299013 0.0171935667086402 0.0766238662720755
0.0582712531414217 0.00323578667917821 0.0118893684526287 -0.0195328483911661 -0.00569584964991538 0.0393513815969243 0.0574828543731828 -0.0131776556651592
0.0325609722427499 0.0115873730751638 0.0302107495292895 -0.0296681972299013 0.0393513815969243 0.00720754124705522 0.0344475227851841 0.0043438337301223
0.00390246067558326 0.075833912238159 0.0945009688999564 0.0171935667086402 0.0574828543731828 0.0344475227851841 0.115624296803769 0.0489517764399812
-0.0734284794721687 0.075623757507828 0.0775109922726236 0.0766238662720755 -0.0131776556651592 0.0043438337301223 0.0489517764399812 0.100862608872762
