0.0677124907629836 -0.0688895334088925 -0.082521216228279 -0.0309524199002423 0.068739357076046 0.0285596450377388 -0.0372793094275267 -0.0747535752953301
-0.0688895334088925 0.0807899439719403 0.10993461564725 0.0239737183936387 -0.0314135370643233 0.00814918186048625 0.058580116194883 0.0616307163116934
-0.082521216228279 0.10993461564725 0.149507241681863 0.0274127067883408 -0.0642865760350308 0.00398815075275747 0.0732480780058418 0.100439056781045
-0.0309524199002423 0.0239737183936387 0.0274127067883408 0.166940783675179 -0.0323524354900908 -0.027190069684686 -0.0439517179288304 0.0745033616153054
0.068739357076046 -0.0314135370643233 -0.0642865760350308 -0.0323524354900908 -0.00959634867052577 0.0192505620563007 0.0478208039727295 -0.0721491372435614
0.0285596450377388 0.00814918186048625 0.00398815075275747 -0.027190069684686 0.0192505620563007 0.00717733602223056 -0.0650617353596097 -0.0159613586560195
-0.0372793094275267 0.058580116194883 0.0732480780058418 -0.0439517179288304 0.0478208039727295 -0.0650617353596097 0.221428519285134 0.00325055228417026
-0.0747535752953301 0.0616307163116934 0.100439056781045 0.0745033616153053 -0.0721491372435614 -0.0159613586560195 0.00325055228417026 0.0988366635747262
