0.0835140179563077 -0.0397668082422411 -0.0452636313413703 -0.0275779001390023 0.1053984472803 0.0271395716122606 -0.0034578309413557 -0.0877812017315669
-0.0397668082422411 0.0512513997739183 0.0458952490408567 -0.00593187653400684 -0.0221547176002307 0.0154674439157468 0.0336231756556439 0.0315233653332589
-0.0452636313413703 0.0458952490408567 0.0450069359871468 0.00283619564580012 -0.042255665370268 0.0146957000127312 0.0602479858890698 0.032269106647859
-0.0275779001390023 -0.00593187653400684 0.00283619564580012 0.10674535166761 -0.0297675960841309 -0.0655463471628061 -0.0291479767988774 0.129066318003525
0.1053984472803 -0.0221547176002307 -0.042255665370268 -0.0297675960841309 0.073078007105943 -0.00331507083523968 0.10253245994691 -0.0693793993707914
0.0271395716122606 0.0154674439157468 0.0146957000127312 -0.0655463471628061 -0.00331507083523969 0.018640129489337 -0.031062647187211 -0.0792596951860355
-0.0034578309413557 0.0336231756556439 0.0602479858890698 -0.0291479767988774 0.10253245994691 -0.031062647187211 0.25716178076884 -0.00223790879723375
-0.0877812017315669 0.0315233653332589 0.032269106647859 0.129066318003525 -0.0693793993707914 -0.0792596951860355 -0.00223790879723375 0.179318779821745
