0.102964844566358 -0.0653664460085991 -0.0233513806139774 0.006745266714689 0.122263933225624 0.0502470878757 0.050023223800455 -0.0749048117314604
-0.0653664460085991 0.221993841623466 0.177477915172037 -0.0637822805144722 -0.078445885011062 0.0491543729620703 0.043125531717135 0.110436903150004
-0.0233513806139774 0.177477915172037 0.168529581996767 -0.0742965778676311 -0.0475480612760241 0.057245248080379 0.115412799373955 0.0769325654423422
0.006745266714689 -0.0637822805144722 -0.0742965778676311 0.0494848701282238 0.0329361284861474 -0.0342674084441629 -0.0376791140896665 0.00864837328079769
0.122263933225624 -0.078445885011062 -0.0475480612760241 0.0329361284861474 0.0580754652893049 0.0463478536436593 0.0277677666967877 -0.0662440877245646
0.0502470878757 0.0491543729620703 0.057245248080379 -0.0342674084441629 0.0463478536436593 0.0290236878295162 0.0156581052726705 -0.0166426915697204
0.050023223800455 0.043125531717135 0.115412799373955 -0.0376791140896665 0.0277677666967877 0.0156581052726705 0.211791193092253 -0.0491898722272204
-0.0749048117314604 0.110436903150004 0.0769325654423422 0.00864837328079769 -0.0662440877245646 -0.0166426915697204 -0.0491898722272204 0.104177446315916
