0.120108632552061 -0.0709508058510059 -0.118677751660542 -0.0272870251871234 0.120327579520823 0.0296925411112067 -0.0297642679369233 -0.096758022178296
-0.0709508058510059 0.0610753119573174 0.105898117381315 -0.016566721777946 -0.0432979303920228 0.011117429270013 0.0334901962867313 0.0320003663015547
-0.118677751660542 0.105898117381315 0.173263977105636 -0.0654305072587179 -0.100272574567671 0.0114436236728065 0.0720919184759862 0.0570145319379212
-0.0272870251871234 -0.016566721777946 -0.0654305072587179 0.258526258879073 -0.0478427562702573 -0.0852220781218617 -0.0169225876204203 0.123147074181553
0.120327579520823 -0.0432979303920228 -0.100272574567671 -0.0478427562702573 0.0565889350670276 0.00289609916244281 -0.0160309017693965 -0.070095664475494
0.0296925411112067 0.011117429270013 0.0114436236728065 -0.0852220781218617 0.00289609916244281 0.000732445164159018 -0.00174787338467097 -0.0708736595144995
-0.0297642679369233 0.0334901962867313 0.0720919184759862 -0.0169225876204203 -0.0160309017693965 -0.00174787338467096 -0.0232983942546 0.00837008426919987
-0.096758022178296 0.0320003663015546 0.0570145319379212 0.123147074181553 -0.070095664475494 -0.0708736595144995 0.00837008426919987 0.126898249265744
