0.0839636684837003 -0.0901672856558163 -0.070838037761312 0.0108446664294668 0.053381269613965 0.0125595374763697 0.00641851445997314 -0.0238699701890973
-0.0901672856558163 0.143192296238541 0.139239089067362 -0.0255089838247277 -0.025917838180108 0.0242504004003554 0.0240605009522653 0.0541977184456026
-0.070838037761312 0.139239089067362 0.123106237766263 -0.0264982457075062 -0.00642531976047632 0.0254835218393038 0.0671150106312931 0.032160558171092
0.0108446664294668 -0.0255089838247277 -0.0264982457075062 0.0774876332628506 0.0156735578118614 -0.0154683300813043 0.0088306598378532 0.0447720121336139
0.053381269613965 -0.025917838180108 -0.00642531976047631 0.0156735578118614 -0.000305723435612095 -0.0110535725778828 0.0794995029020212 0.0149742996765007
0.0125595374763697 0.0242504004003554 0.0254835218393038 -0.0154683300813043 -0.0110535725778828 -0.0233959640582111 0.00162033098756579 0.0178089079095197
0.00641851445997314 0.0240605009522653 0.0671150106312931 0.0088306598378532 0.0794995029020212 0.00162033098756579 0.0565579871940767 -0.00908027904768441
-0.0238699701890973 0.0541977184456026 0.032160558171092 0.0447720121336139 0.0149742996765007 0.0178089079095197 -0.00908027904768441 0.0936475621897514
