0.103489863325138 -0.121471345483562 -0.0666667854907065 -0.0725983715977425 0.154156151723616 0.0844235552212513 0.0393549898951559 -0.0927595633534337
-0.121471345483562 0.207681143742898 0.154874601715034 0.0921316029888291 -0.13881704269993 -0.0622920944119068 -0.00430731515445161 0.136040621594298
-0.0666667854907065 0.154874601715034 0.112068416929108 0.058016190616586 -0.0990832592039817 -0.0233608733732695 0.0222070326345371 0.0999477418338774
-0.0725983715977425 0.0921316029888291 0.058016190616586 0.107333144237314 -0.0916637550373859 -0.0566878744558726 0.0352679792398713 0.09986702569487
0.154156151723616 -0.13881704269993 -0.0990832592039817 -0.0916637550373859 0.128244229694902 0.103228033992104 0.0791873479924799 -0.115335566202226
0.0844235552212513 -0.0622920944119068 -0.0233608733732695 -0.0566878744558726 0.103228033992104 0.0467327725488579 0.010072086622499 -0.0344313871403802
0.0393549898951559 -0.00430731515445161 0.0222070326345371 0.0352679792398713 0.0791873479924799 0.010072086622499 0.172409160254817 -0.0117996968336429
-0.0927595633534337 0.136040621594298 0.0999477418338774 0.09986702569487 -0.115335566202226 -0.0344313871403801 -0.0117996968336429 0.111846935360025
