0.09073519995206 -0.0770786577320139 -0.0551867868237344 -0.0264426655680372 0.0707435657827628 0.0406941734355562 0.0783429383713861 -0.0704269610489921
-0.0770786577320139 0.0742587439380055 0.0767261858910125 -0.00616974095830335 -0.0303613700067623 -0.00939601856555538 -0.0497790166293838 0.0535264320427242
-0.0551867868237344 0.0767261858910125 0.13124962839825 -0.00670366354065109 -0.0194994559603036 0.0269045801413702 0.00812839434119629 0.0563284720849564
-0.0264426655680372 -0.00616974095830334 -0.00670366354065109 0.0731966401404558 -0.027493423061347 -0.0309747744252743 -0.0306098136256031 0.0657710495136671
0.0707435657827628 -0.0303613700067623 -0.0194994559603036 -0.027493423061347 0.0550477504271617 0.026354322341455 0.141633447177427 -0.0388907040857927
0.0406941734355562 -0.00939601856555538 0.0269045801413702 -0.0309747744252743 0.026354322341455 -0.00899707504430405 0.0148484220777111 -0.0210767059157972
0.0783429383713861 -0.0497790166293838 0.00812839434119628 -0.0306098136256031 0.141633447177427 0.0148484220777111 0.271731214087566 -0.0593443141718953
-0.0704269610489921 0.0535264320427242 0.0563284720849564 0.0657710495136671 -0.0388907040857927 -0.0210767059157972 -0.0593443141718953 0.060435141398279
