0.0692509421345042 -0.0136283343797668 -0.0308856290972592 -0.00243286107199952 0.0655124096748478 0.0411707822471293 0.0457957458952474 -0.0320225651884658
-0.0136283343797668 0.0307057259385448 0.0650792627756177 -0.00299750141957906 0.003990425809499 0.0202014795141205 0.0273218750697026 0.0239922864831648
-0.0308856290972592 0.0650792627756177 0.10547657271733 -0.00429591191141112 -0.0246720320355901 0.0168265384080586 0.0315850390854279 0.0372337084347081
-0.00243286107199952 -0.00299750141957906 -0.00429591191141112 0.0653968445822774 -0.0260394577788229 0.00100079258412847 0.00296612488620468 0.0363786784687438
0.0655124096748478 0.00399042580949901 -0.0246720320355901 -0.0260394577788229 0.0592492792461754 0.0330198720713313 0.0434595198102068 -0.0195950414570441
0.0411707822471293 0.0202014795141205 0.0168265384080586 0.00100079258412847 0.0330198720713313 0.00250244420125771 0.0375802822686583 -0.00770611678227226
0.0457957458952474 0.0273218750697026 0.0315850390854279 0.00296612488620468 0.0434595198102068 0.0375802822686583 0.000453683333963078 -0.0115113306573147
-0.0320225651884658 0.0239922864831648 0.037233708434708 0.0363786784687438 -0.0195950414570441 -0.00770611678227226 -0.0115113306573147 0.051259612981221
