0.108514729683926 -0.0803975498390831 -0.0834822334178654 -0.037988892878168 0.0991352068399104 0.0519884958783946 -0.021132937009494 -0.0596667908841763
-0.0803975498390831 0.0929450463981907 0.112702795596859 0.0135118045673344 -0.0432619744327738 0.0176394818589427 0.0304219894076922 0.0787872263165265
-0.0834822334178654 0.112702795596859 0.124754604511309 -0.0141420305644249 -0.0627341516313797 0.00953962146390171 0.113489413438562 0.0339888369375829
-0.037988892878168 0.0135118045673344 -0.0141420305644249 0.160795906214142 -0.0584723952359321 -0.0491915714790446 -0.0645724362272204 0.105825531051404
0.0991352068399104 -0.0432619744327738 -0.0627341516313797 -0.0584723952359321 0.0282126252097934 0.0446012436756563 0.0043170511963703 -0.0431309469925674
0.0519884958783946 0.0176394818589427 0.00953962146390171 -0.0491915714790446 0.0446012436756562 0.0347490482397272 -0.0353061866483233 0.0146239640181539
-0.021132937009494 0.0304219894076922 0.113489413438562 -0.0645724362272204 0.0043170511963703 -0.0353061866483233 0.223804048058372 -0.103064914208484
-0.0596667908841763 0.0787872263165265 0.0339888369375829 0.105825531051404 -0.0431309469925674 0.0146239640181539 -0.103064914208484 0.154130962511962
