0.0883903714244915 -0.0201655059252613 0.00349753829554087 -0.00750755349841934 0.0519367906321732 0.08043235303533 0.0532234240519885 -0.0437291511834128
-0.0201655059252613 0.075797745845303 0.115322537924435 -0.0156115617026494 0.0516698311087052 0.0389120732344979 0.0623372690522289 0.0426712584871407
0.00349753829554087 0.115322537924435 0.136637262842845 -0.0219783204291509 0.0682191379437701 0.0795591361591448 0.0961512419611309 0.0341210565570417
-0.00750755349841934 -0.0156115617026494 -0.0219783204291509 0.0821188556856373 -0.00280420788434687 -0.0251471460080141 0.0092433943599169 0.0453872959065125
0.0519367906321732 0.0516698311087052 0.0682191379437701 -0.00280420788434687 -0.0169326509854061 0.0698596629498637 0.0857367832585066 0.0153342273164265
0.08043235303533 0.0389120732344979 0.0795591361591448 -0.0251471460080141 0.0698596629498637 0.0667761518011564 0.0649997885013785 -0.00595034648845719
0.0532234240519885 0.0623372690522289 0.0961512419611309 0.00924339435991691 0.0857367832585066 0.0649997885013785 0.132536537562517 -0.0207545330565798
-0.0437291511834128 0.0426712584871407 0.0341210565570417 0.0453872959065125 0.0153342273164265 -0.00595034648845719 -0.0207545330565798 0.0527901656606865
