0.117404522903421 -0.0489331673659793 -0.0295072044657798 0.00520833560200848 0.0851667218759183 0.0382842136419001 0.109319589410756 -0.0854237689853986
-0.0489331673659793 0.128032129464575 0.126130862654092 0.00135152914281242 0.0153813235774055 0.0462972496746568 0.0499777003692833 0.0785505842797427
-0.0295072044657798 0.126130862654092 0.122070357275807 -0.0117601721954916 0.0256027573845087 0.0578610395744071 0.0980725720905228 0.0636160483019942
0.00520833560200848 0.00135152914281242 -0.0117601721954916 0.0666328049214534 -0.00652124296837203 -0.0133541596820404 0.0018889065660958 0.0455202112659377
0.0851667218759183 0.0153813235774056 0.0256027573845087 -0.00652124296837203 -0.0203344157720964 0.0384334623472344 0.12851061012578 -0.0550763710445123
0.0382842136419001 0.0462972496746568 0.0578610395744071 -0.0133541596820404 0.0384334623472344 0.00224175579855517 0.0788786715632882 0.0101527147330985
0.109319589410756 0.0499777003692833 0.0980725720905228 0.0018889065660958 0.12851061012578 0.0788786715632882 0.138895052635634 -0.0472685118885169
-0.0854237689853986 0.0785505842797427 0.0636160483019942 0.0455202112659377 -0.0550763710445123 0.0101527147330985 -0.0472685118885169 0.109996108667954
