0.0839086151726989 -0.0392532654157036 -0.0397538318041395 -0.0501551406465984 0.0801081145678652 0.0526769797249955 -0.00127751834576643 -0.0804793080650165
-0.0392532654157036 0.0640052360977603 0.0696663904922987 0.0322750124928238 -0.0243242227082472 0.00241736557803198 0.0351236791706168 0.0553852797032432
-0.0397538318041395 0.0696663904922987 0.0742682033227419 0.0188665608041054 -0.0236659772253221 -0.00221964855754411 0.0754963679317334 0.0421094869950402
-0.0501551406465984 0.0322750124928238 0.0188665608041054 0.114853150633053 -0.0411989431446523 -0.0347224031880741 -0.0036867410452967 0.134794154274834
0.0801081145678652 -0.0243242227082472 -0.0236659772253221 -0.0411989431446523 0.0362131300314381 0.0324631096348577 0.0253640022044229 -0.0560751680272538
0.0526769797249955 0.00241736557803199 -0.00221964855754411 -0.0347224031880741 0.0324631096348577 0.0302378898916592 -0.063886784669021 -0.0159506749123657
-0.00127751834576643 0.0351236791706167 0.0754963679317334 -0.0036867410452967 0.0253640022044229 -0.063886784669021 0.0996054909488955 -0.0292144010717535
-0.0804793080650165 0.0553852797032432 0.0421094869950402 0.134794154274834 -0.0560751680272538 -0.0159506749123657 -0.0292144010717535 0.144596773404797
