0.127826497367272 -0.130835286247373 -0.0658563351339713 -0.0494407173782447 0.106600511628431 0.0437109363892299 0.0174961321044794 -0.123855062256094
-0.130835286247373 0.156125247780323 0.0957663859168928 0.0725153861844383 -0.109601287105369 -0.0102443548498724 -0.00612352026280603 0.134432108307149
-0.0658563351339713 0.0957663859168928 0.0555542791321257 0.0168908130856575 -0.0712038649347101 0.0074314844125322 0.0170081398563402 0.080192490551097
-0.0494407173782447 0.0725153861844383 0.0168908130856575 0.123645595823034 -0.0297373423760573 -0.0356702593127506 0.0474564526897226 0.0683298968085549
0.106600511628431 -0.109601287105369 -0.0712038649347101 -0.0297373423760573 0.0595198478580582 0.0269695052631823 0.0747676465002192 -0.090154534592218
0.0437109363892299 -0.0102443548498724 0.0074314844125322 -0.0356702593127506 0.0269695052631823 -0.0067812366198778 -0.0500972664957057 -0.0230724851853767
0.0174961321044794 -0.00612352026280603 0.0170081398563402 0.0474564526897226 0.0747676465002192 -0.0500972664957057 0.176612369167146 0.0226920826166778
-0.123855062256094 0.134432108307149 0.080192490551097 0.0683298968085549 -0.0901545345922181 -0.0230724851853767 0.0226920826166778 0.118445583951549
