0.063340702541442 -0.0546975785440547 -0.0355631942025231 -0.0347512765871669 0.0646318579480889 0.0423354228117986 -0.0525740525459166 -0.0395105099698015
-0.0546975785440547 0.109182719327359 0.125157874052717 0.0275535136120074 -0.0652375110367369 0.0490564742716018 0.0779603482029834 0.0637365581583139
-0.0355631942025231 0.125157874052717 0.159546717901328 -0.0055761985578062 -0.0677203976284499 0.0854177723867386 0.142515652136651 0.0639613370541397
-0.0347512765871669 0.0275535136120074 -0.0055761985578062 0.113326801518955 -0.0754534757077573 -0.0345882740239165 -0.024986698920407 0.0262900352469315
0.0646318579480889 -0.0652375110367369 -0.0677203976284499 -0.0754534757077573 0.00108548251737292 0.0200689973841914 -0.0176826415266753 -0.0331542072021643
0.0423354228117986 0.0490564742716018 0.0854177723867386 -0.0345882740239165 0.0200689973841914 0.0688842065333948 -0.00537904045613797 0.0275664754206474
-0.0525740525459166 0.0779603482029834 0.142515652136651 -0.024986698920407 -0.0176826415266753 -0.00537904045613797 0.203126063597462 0.0296836405162385
-0.0395105099698015 0.0637365581583139 0.0639613370541397 0.0262900352469315 -0.0331542072021643 0.0275664754206474 0.0296836405162385 0.0179318140062592
