0.0666658012820909 -0.0592431526311866 -0.0515201280390713 -0.0497827205649456 0.0671688411724522 0.0606575713036162 0.000743125773805781 -0.0493032584728455
-0.0592431526311866 0.0950341940705675 0.0938527779109834 0.0347773166373276 -0.00347504916698908 -0.0137769155643499 0.0481833915311832 0.0648611486836494
-0.0515201280390713 0.0938527779109834 0.0869463167783875 0.0580935027868877 -0.0203949170782847 -0.0214652884682647 0.0627344824994974 0.0755045536938093
-0.0497827205649456 0.0347773166373276 0.0580935027868877 0.0858572240190454 -0.065580537065572 -0.0386831887582225 0.0237723316256505 0.089189757832931
0.0671688411724522 -0.00347504916698909 -0.0203949170782847 -0.065580537065572 -0.0237042139605823 0.0500174396880973 0.00956351377649139 -0.0323064198393513
0.0606575713036162 -0.0137769155643499 -0.0214652884682647 -0.0386831887582225 0.0500174396880973 0.0177534051085102 -0.0352303607512506 -0.0132113630511418
0.000743125773805779 0.0481833915311832 0.0627344824994974 0.0237723316256505 0.00956351377649139 -0.0352303607512506 0.103440949310168 0.0305136159740224
-0.0493032584728455 0.0648611486836494 0.0755045536938093 0.089189757832931 -0.0323064198393513 -0.0132113630511418 0.0305136159740224 0.0845555063582274
