0.111364542373536 -0.0833957824301945 -0.0669507889058249 -0.00307977648162274 0.0863827607887294 0.0665540113704689 0.0848170588270084 -0.0599679657812986
-0.0833957824301945 0.106246634438468 0.125675407956683 -0.0281971181748885 -0.00727028014460033 -0.0172827245518093 0.0299425367618175 0.0208101689919271
-0.0669507889058249 0.125675407956683 0.151343779479381 -0.046187665368244 -0.0134886747948378 -0.00171815979062447 0.0908499095058146 0.0162248607844852
-0.00307977648162274 -0.0281971181748885 -0.046187665368244 0.072227867697219 -0.0452797500807942 0.00497505207141403 -0.0487300368680884 0.060531611478461
0.0863827607887294 -0.00727028014460033 -0.0134886747948378 -0.0452797500807942 0.00289959201895521 0.0254949331976984 0.109470799965818 -0.0942450989838069
0.0665540113704689 -0.0172827245518093 -0.00171815979062448 0.00497505207141403 0.0254949331976984 -0.000826192914706078 0.0724505393481871 -0.00147154546113303
0.0848170588270084 0.0299425367618175 0.0908499095058146 -0.0487300368680884 0.109470799965818 0.0724505393481871 0.216810626361706 -0.109157112654005
-0.0599679657812986 0.0208101689919271 0.0162248607844852 0.060531611478461 -0.0942450989838069 -0.00147154546113303 -0.109157112654005 0.14044893004721
