0.119157761605269 -0.066011858634688 -0.0659428072954109 -0.058835743527401 0.075923584971532 0.0664098644693509 0.000142303718359116 -0.09515502100765
-0.066011858634688 0.143707580104147 0.171830490553192 0.0120806920636953 -0.0302622233927066 0.0141779657008349 0.13282958121527 0.100495976419599
-0.0659428072954109 0.171830490553192 0.204286674594981 -0.00455681032397763 -0.0135792082780205 0.00843530092944846 0.228984958137048 0.115686181187692
-0.058835743527401 0.0120806920636953 -0.00455681032397763 0.136349122536661 -0.0259188020784031 -0.0279387537160103 -0.0828581608934975 0.110834197802345
0.075923584971532 -0.0302622233927066 -0.0135792082780205 -0.0259188020784031 0.0221351442262199 0.0570687916970466 0.0959424887361703 -0.050768036171689
0.0664098644693509 0.0141779657008349 0.00843530092944847 -0.0279387537160103 0.0570687916970467 0.0111741144866119 0.0295311130490733 -0.0173311836604629
0.000142303718359119 0.13282958121527 0.228984958137048 -0.0828581608934975 0.0959424887361703 0.0295311130490733 0.318237543986589 0.0346472361664574
-0.09515502100765 0.100495976419599 0.115686181187692 0.110834197802345 -0.050768036171689 -0.0173311836604629 0.0346472361664574 0.139209182420336
