0.058975816240572 -0.031196918657734 -0.027320174092499 0.00346393924068379 0.0840352165899417 0.0329564447582916 0.0424864694743927 -0.0504119122044329
-0.031196918657734 0.0536444794646082 0.0614370887572158 0.0274807925377035 -0.014967596279874 0.00989130757070616 0.00236771789335148 0.0419493272472819
-0.027320174092499 0.0614370887572158 0.0893295437011423 -0.00610931183993001 -0.0508572307553845 0.0596981938336866 0.0446795340490249 0.0380649567538115
0.00346393924068378 0.0274807925377035 -0.00610931183993001 0.0764316305983242 0.0312732196729132 -0.011095180669418 0.0460074302958013 0.0327343718922165
0.0840352165899417 -0.014967596279874 -0.0508572307553845 0.0312732196729132 0.0494148706456049 0.0139788625326521 0.09635643087294 -0.0461779070101197
0.0329564447582916 0.00989130757070617 0.0596981938336866 -0.011095180669418 0.0139788625326521 0.0146550307080165 0.0498494676845978 -0.0052909596987732
0.0424864694743928 0.00236771789335148 0.0446795340490249 0.0460074302958013 0.09635643087294 0.0498494676845978 0.144709441349954 -0.0479107559518525
-0.0504119122044329 0.0419493272472819 0.0380649567538115 0.0327343718922165 -0.0461779070101197 -0.0052909596987732 -0.0479107559518525 0.0806240848972134
