0.0161988117013138 -0.0291756734771425 -0.0294455103575086 -0.0327938398983503 0.0566779917328935 0.00808336560238859 0.0208678392949342 -0.0543191969775571
-0.0291756734771425 0.107665164829183 0.0780477479530707 0.0274241420501055 0.014695807125609 0.0375637410487147 0.02586330710218 0.0727060307152727
-0.0294455103575086 0.0780477479530707 0.0751780904938126 -0.000468084436278388 -0.0360610053372361 0.0216071184009344 0.0494652633340342 0.0402258212452705
-0.0327938398983503 0.0274241420501055 -0.000468084436278388 0.0646610894141502 -0.0367411705109308 -0.0223275569579641 -0.0177745798007227 0.0648818859875529
0.0566779917328935 0.014695807125609 -0.0360610053372361 -0.0367411705109308 0.0752437124709717 0.0201338086242302 0.0586055134420531 -0.055776660332329
0.00808336560238859 0.0375637410487147 0.0216071184009344 -0.0223275569579641 0.0201338086242302 -0.0236816383708672 -0.0119806734590234 0.0205682488334863
0.0208678392949342 0.02586330710218 0.0494652633340342 -0.0177745798007227 0.0586055134420531 -0.0119806734590234 0.0430876235878021 -0.059330257876922
-0.0543191969775571 0.0727060307152727 0.0402258212452705 0.0648818859875529 -0.055776660332329 0.0205682488334863 -0.059330257876922 0.100725614804142
