0.0706324783421022 -0.0564325458252704 -0.0480290094350213 -0.0576343582687576 0.0650606070815994 0.00782378339778554 0.00252651282332049 -0.063497451289329
-0.0564325458252704 0.0791845924525067 0.0957480336988516 0.045378610113808 -0.0162859447362494 0.0256979781026678 0.0347792293424918 0.0766843843376597
-0.0480290094350213 0.0957480336988516 0.134717496892466 -0.00459902880111155 -0.0228865615959581 0.0469871991329635 0.113467127192398 0.0463720312925771
-0.0576343582687576 0.045378610113808 -0.00459902880111155 0.159109537243657 -0.0489435637144276 -0.022679571682775 -0.0599839461434297 0.112043961893861
0.0650606070815994 -0.0162859447362494 -0.0228865615959581 -0.0489435637144276 0.0122100493615444 -0.0176580082064938 0.119901647130945 -0.0571685528338604
0.00782378339778554 0.0256979781026678 0.0469871991329635 -0.022679571682775 -0.0176580082064938 -0.0123497021410393 -0.000189735780546059 0.0209124739379303
0.0025265128233205 0.0347792293424918 0.113467127192398 -0.0599839461434297 0.119901647130945 -0.000189735780546052 0.297534982174836 -0.0420572992952512
-0.063497451289329 0.0766843843376597 0.0463720312925771 0.112043961893861 -0.0571685528338604 0.0209124739379303 -0.0420572992952512 0.125835028473082
