0.0557264040216244 -0.0374343640728204 -0.0176678956478517 -0.0262638971074652 0.0823464876265879 0.0306135539812906 0.0431816055928668 -0.0568717238802019
-0.0374343640728204 0.1366154070359 0.0667513783802913 -0.00320782337020723 -0.0085104755917941 0.0102345987361837 -0.0221161346275523 0.0628162911040499
-0.0176678956478517 0.0667513783802913 0.056052344120936 -0.0513620623898903 -0.0114119997367217 0.00631815800898905 0.099227564138584 -0.00435467776498404
-0.0262638971074652 -0.00320782337020723 -0.0513620623898903 0.0928658492141357 -0.0442882899068189 -0.0469718229539705 -0.0371913126458366 0.0479148740795906
0.0823464876265879 -0.00851047559179411 -0.0114119997367217 -0.0442882899068189 0.0779093536308133 0.0527534082615477 0.00307694724485668 -0.0594483697955329
0.0306135539812906 0.0102345987361837 0.00631815800898905 -0.0469718229539705 0.0527534082615477 0.0327379461154471 -0.0248495361686111 -0.0186293850194169
0.0431816055928668 -0.0221161346275523 0.099227564138584 -0.0371913126458366 0.00307694724485668 -0.0248495361686111 0.208403874368539 -0.0884558015428043
-0.0568717238802019 0.0628162911040499 -0.00435467776498404 0.0479148740795906 -0.0594483697955329 -0.0186293850194169 -0.0884558015428043 0.105850381084716
