0.0875071310038066 -0.0800385244041853 -0.0438769913438145 -0.0396587600920272 0.0654295469668065 0.0327914299884206 0.0490181349697828 -0.100165991216945
-0.0800385244041853 0.0767735793899005 0.0707660426147785 0.0521615311186057 -0.054464697030203 -0.00439430486820341 -0.0168380072267037 0.090886834735559
-0.0438769913438145 0.0707660426147785 0.0972200601493574 0.0461167918117499 -0.0631208450431359 0.0239612932630638 0.0469291314664285 0.0418744251642349
-0.0396587600920272 0.0521615311186057 0.0461167918117499 0.0925742074931415 -0.0435000519355513 -0.0306256976374925 0.0246590174052832 0.086621161535458
0.0654295469668065 -0.054464697030203 -0.0631208450431359 -0.0435000519355513 -0.0224833141596899 5.18314565050185e-05 0.0821556131260767 -0.0569882038889603
0.0327914299884206 -0.00439430486820342 0.0239612932630638 -0.0306256976374925 5.18314565050171e-05 -0.00125842539757578 -0.0264189791414445 -0.0288297580443897
0.0490181349697828 -0.0168380072267037 0.0469291314664285 0.0246590174052832 0.0821556131260767 -0.0264189791414445 0.168198627799693 -0.0568845844866617
-0.100165991216945 0.090886834735559 0.0418744251642349 0.086621161535458 -0.0569882038889603 -0.0288297580443897 -0.0568845844866617 0.119855597686745
