0.129718534143304 -0.0423612981549951 -0.0574151806868463 -0.0871389012134297 0.0930875476828465 0.0335611126901889 0.0870369461140213 -0.08655134765305
-0.0423612981549951 0.0499518102702383 0.0463321372296827 0.0289248023611174 -0.00275770643421061 0.0134726850600276 0.0154035718036521 0.0199273965766022
-0.0574151806868463 0.0463321372296827 0.0458836512818366 0.039206935541615 -0.0427930955175392 -0.000291224437009327 0.0189610745160027 0.0285299542473955
-0.0871389012134297 0.0289248023611174 0.039206935541615 0.0822349424833879 -0.0878442707721262 -0.0347842711358966 -0.0474407363628536 0.0722823798770715
0.0930875476828465 -0.00275770643421061 -0.0427930955175392 -0.0878442707721262 0.0130113789493739 0.0128773388500259 0.0815068380339309 -0.051231493727655
0.0335611126901889 0.0134726850600275 -0.000291224437009331 -0.0347842711358966 0.0128773388500259 -0.0135642820150542 0.0146681432506521 -0.0107933136103203
0.0870369461140213 0.0154035718036521 0.0189610745160027 -0.0474407363628536 0.0815068380339309 0.0146681432506521 0.0904031603376746 -0.0557097083147618
-0.08655134765305 0.0199273965766022 0.0285299542473955 0.0722823798770715 -0.0512314937276549 -0.0107933136103203 -0.0557097083147618 0.0490623469881837
