0.0677223050106743 -0.0709950833694441 -0.0542444764894932 -0.0428059305175197 0.0623751268287088 0.0370965367062592 0.00195677422745081 -0.0552097838478292
-0.0709950833694441 0.178854247876396 0.136656782769964 0.0900684908801464 -0.0578596795550832 0.0290902765311455 0.061298524995046 0.136630000190487
-0.0542444764894932 0.136656782769964 0.114419779532387 0.052609833482398 -0.0822461174984648 0.039622681097618 0.0487175689734443 0.103291458743549
-0.0428059305175197 0.0900684908801464 0.052609833482398 0.113815904548142 -0.0265093624132804 -0.0119133726579154 0.0552092463767167 0.109751595939831
0.0623751268287088 -0.0578596795550832 -0.0822461174984648 -0.0265093624132804 -0.0472856984625188 -0.01270798672076 0.0206788393467024 -0.0627897302223413
0.0370965367062592 0.0290902765311455 0.039622681097618 -0.0119133726579154 -0.01270798672076 0.0382212438443281 0.0104174245920149 0.029926442414951
0.00195677422745081 0.061298524995046 0.0487175689734443 0.0552092463767167 0.0206788393467024 0.0104174245920149 0.0509481567257382 0.044968623675057
-0.0552097838478292 0.136630000190487 0.103291458743549 0.109751595939831 -0.0627897302223413 0.029926442414951 0.0449686236750569 0.0992291511057157
