0.0779888235026138 -0.0370607294772594 -0.0083616586023885 -0.0714406953762565 0.0555383079984406 0.050279293345684 0.024541947751866 -0.0723891325524219
-0.0370607294772594 0.0727346651346319 0.0553840429032274 0.0453054791555357 0.0236731380726145 0.0222070412747392 0.0593182762760096 0.0436375915194546
-0.0083616586023885 0.0553840429032274 0.0900063844436586 0.0169243768308119 0.0117988257056427 0.0112201970304297 0.0902874492784871 0.054368749818619
-0.0714406953762565 0.0453054791555357 0.0169243768308119 0.140370728118105 -0.0383371090710586 -0.0464376986964331 -0.0045743204399713 0.0909141598295421
0.0555383079984406 0.0236731380726145 0.0117988257056427 -0.0383371090710586 -0.0441569360525641 0.0671049163470034 0.0745998635806131 -0.0266555314214839
0.050279293345684 0.0222070412747392 0.0112201970304297 -0.0464376986964331 0.0671049163470034 0.0145660627593761 0.0258591821647355 -0.0248609034089054
0.024541947751866 0.0593182762760096 0.0902874492784871 -0.0045743204399713 0.0745998635806131 0.0258591821647355 0.100613766309827 0.00534564801636178
-0.0723891325524219 0.0436375915194546 0.054368749818619 0.0909141598295421 -0.0266555314214839 -0.0248609034089054 0.00534564801636178 0.0863738404228281
