0.13670268057068 -0.0882057894048374 -0.0823372745825085 -0.0539662696630461 0.143777875746771 0.0731553476497824 0.00346872954461245 -0.0996803750211879
-0.0882057894048374 0.0883180735971976 0.0967893484797019 0.0359184761883932 -0.0432231862232123 -0.0214745597900196 0.016389678188994 0.0838165984878315
-0.0823372745825085 0.0967893484797019 0.105701068907829 0.0298273342012403 -0.0468234243112141 -0.016575987393207 0.0472387701578561 0.0562195536919768
-0.0539662696630461 0.0359184761883932 0.0298273342012403 0.119146133146738 -0.0518597725741377 -0.0455330256343231 -0.0478972857807096 0.0576215169046223
0.143777875746771 -0.0432231862232123 -0.0468234243112141 -0.0518597725741377 0.0401045539459099 0.0808944685552647 0.0505659600999162 -0.0646169921812246
0.0731553476497824 -0.0214745597900196 -0.016575987393207 -0.0455330256343231 0.0808944685552647 0.000727484928594471 0.0105864611842897 -0.0283250005754735
0.00346872954461246 0.016389678188994 0.0472387701578562 -0.0478972857807096 0.0505659600999162 0.0105864611842897 0.11329775430331 -0.0459040686383422
-0.0996803750211879 0.0838165984878315 0.0562195536919768 0.0576215169046223 -0.0646169921812245 -0.0283250005754735 -0.0459040686383422 0.0856680641327214
