0.0909515178672122 -0.0391565542804298 -0.0213130027028956 -0.0366599329281179 0.0835844081167777 0.0585424357306752 -0.0228338842851773 -0.0449157672632604
-0.0391565542804298 0.087782357430008 0.0874711392325923 0.0383878319297103 -0.0346733714116997 0.0297825026074155 0.0327869450761825 0.0634964658588252
-0.0213130027028956 0.0874711392325923 0.0994778179567722 0.0437448816689545 -0.0696013337026635 0.018890108337726 0.0750142918751751 0.0765728890109115
-0.0366599329281179 0.0383878319297103 0.0437448816689545 0.0899697077632267 -0.0555175319523897 -0.0148919413250976 0.0299499786086025 0.0878706867624432
0.0835844081167777 -0.0346733714116997 -0.0696013337026635 -0.0555175319523897 0.0397359583742116 0.0709508875017838 -0.0366302991978328 -0.0648815203171581
0.0585424357306752 0.0297825026074155 0.018890108337726 -0.0148919413250976 0.0709508875017838 0.0227960556320406 -0.0531347875743262 -0.00786658031212313
-0.0228338842851773 0.0327869450761825 0.0750142918751751 0.0299499786086026 -0.0366302991978328 -0.0531347875743262 0.203266960211719 0.0386982323012323
-0.0449157672632604 0.0634964658588252 0.0765728890109115 0.0878706867624432 -0.0648815203171581 -0.00786658031212314 0.0386982323012323 0.0677397499652473
