0.0729883789772537 -0.043825290110377 -0.0536385354918105 -0.0215300741101621 0.0718343764598576 0.0510452066139926 -0.0447860009308704 -0.0728324182180796
-0.043825290110377 0.100280561816481 0.109956938586385 0.0183423206406707 -0.0124919060226737 0.0177011304021377 0.0517747485232126 0.0725740261004947
-0.0536385354918105 0.109956938586385 0.124885243821668 0.00494443817091357 -0.0378095646238868 0.0208823083649698 0.0952211176806124 0.0793176900698789
-0.0215300741101621 0.0183423206406707 0.00494443817091357 0.106405111256177 -0.0274435956836201 -0.0287536982533918 0.020064818985978 0.0570930534201179
0.0718343764598576 -0.0124919060226737 -0.0378095646238868 -0.0274435956836201 -0.0257506270522898 0.0136748703844173 -0.00384002944157159 -0.0566260748150047
0.0510452066139926 0.0177011304021377 0.0208823083649698 -0.0287536982533918 0.0136748703844173 0.0370442531402803 -0.0431732848381086 -0.0145208015914752
-0.0447860009308704 0.0517747485232126 0.0952211176806124 0.020064818985978 -0.00384002944157158 -0.0431732848381086 0.123291702313134 0.0510205519744121
-0.0728324182180796 0.0725740261004947 0.0793176900698789 0.0570930534201179 -0.0566260748150047 -0.0145208015914752 0.0510205519744121 0.0835764861618487
