0.053291703011057 -0.013979781911545 0.00978795588471455 -0.0156336366865004 0.0627504798132938 0.0431445254573471 0.0364287039101205 -0.0213124114865073
-0.013979781911545 0.0331319820343539 0.0480422520309937 -0.0093717935728121 0.0163303701097118 0.000605391217461159 0.0400606400415621 0.0121639018458778
0.00978795588471455 0.0480422520309937 0.0650046500735792 -0.00800781782113938 0.0347276963456283 0.0310803239780836 0.0878886694720374 0.0152631761979005
-0.0156336366865004 -0.0093717935728121 -0.00800781782113938 0.0774892401954799 -0.0227897042291496 -0.0335227703004635 0.00405780786007937 0.0393972205622119
0.0627504798132939 0.0163303701097118 0.0347276963456283 -0.0227897042291496 0.0817858248176582 0.0251301319990905 0.11548090940233 -0.034171372591995
0.0431445254573471 0.000605391217461156 0.0310803239780835 -0.0335227703004635 0.0251301319990905 0.0227705795683337 0.0310523335353695 -0.0216614611127626
0.0364287039101205 0.0400606400415621 0.0878886694720374 0.00405780786007937 0.11548090940233 0.0310523335353695 0.132618523282532 -0.0149532292342305
-0.0213124114865073 0.0121639018458778 0.0152631761979005 0.0393972205622119 -0.034171372591995 -0.0216614611127626 -0.0149532292342305 0.0350491177460747
