0.051322406927637 -0.0178616644441921 -0.0321347504227039 -0.0361518584809623 0.0629671210985616 0.0297614038248448 -0.00647999942903878 -0.0390780824997092
-0.0178616644441921 0.0533772368994807 0.0690249009431903 0.00821136566172681 -0.0314250361966933 0.0186483622799184 0.0399942413044325 0.029409528255278
-0.0321347504227039 0.0690249009431903 0.0925646549599982 -0.0397283568516827 -0.0415181310012981 0.0263428417633334 0.1158073999551 0.0246535521977837
-0.0361518584809623 0.00821136566172681 -0.0397283568516827 0.116661941678562 -0.0271175721830553 -0.0361826946067318 -0.0824077705222162 0.0455526681298089
0.0629671210985616 -0.0314250361966933 -0.0415181310012981 -0.0271175721830553 0.0749719346644846 0.0394854760684371 0.0380033024699539 -0.0423855677904985
0.0297614038248448 0.0186483622799184 0.0263428417633334 -0.0361826946067318 0.0394854760684371 -0.00142828435945871 0.0282463614599978 -0.00370399170707577
-0.00647999942903877 0.0399942413044325 0.1158073999551 -0.0824077705222162 0.0380033024699539 0.0282463614599978 0.230231052892562 -0.0454638220736882
-0.0390780824997092 0.029409528255278 0.0246535521977837 0.0455526681298089 -0.0423855677904985 -0.00370399170707577 -0.0454638220736882 0.0720821510894043
