0.0762812641742703 -0.0398954720762439 -0.0491306843792973 -0.0740316114891029 0.0760323166181912 0.0692432957102187 0.0257931354202372 -0.0495888571188179
-0.0398954720762439 0.123718357260184 0.102547709428708 -0.029600371779567 -0.0155309215450349 0.00663769680636805 0.00755666781559431 0.0397582685022363
-0.0491306843792973 0.102547709428708 0.119460712988644 0.0137812155978318 -0.0160063899398979 0.0273794303520094 0.0106669931328581 0.0691157018371343
-0.0740316114891029 -0.029600371779567 0.0137812155978318 0.229714768250857 -0.0847651581822166 -0.0973451968724365 -0.00693444967645509 0.111519526257397
0.0760323166181912 -0.0155309215450349 -0.0160063899398979 -0.0847651581822166 -0.0404181086954279 0.0780075844106923 0.00591977443374517 -0.0302289894422158
0.0692432957102187 0.00663769680636805 0.0273794303520094 -0.0973451968724365 0.0780075844106923 0.0548282554665917 -0.0219084645285923 0.00286986251000326
0.0257931354202372 0.00755666781559432 0.0106669931328581 -0.0069344496764551 0.00591977443374517 -0.0219084645285923 0.068926244425882 -0.0406759618556038
-0.0495888571188179 0.0397582685022363 0.0691157018371343 0.111519526257397 -0.0302289894422158 0.00286986251000326 -0.0406759618556038 0.0641617400530839
