0.129867796678691 -0.0397310907895669 -0.0413939593013428 -0.0565251542259876 0.0686466223140461 0.04455763863016 0.0353195639001195 -0.0658860759046275
-0.0397310907895669 0.0701984152656162 0.0759953821544864 0.0200708792576035 0.00694133627772718 0.0134771752523363 0.0795370095675384 0.0314886094655711
-0.0413939593013428 0.0759953821544864 0.0982346945690624 -0.0249872633818634 0.0328472641985701 0.0166775117308597 0.0943867437034416 0.00402967605345388
-0.0565251542259876 0.0200708792576035 -0.0249872633818634 0.075043867729067 -0.0347532057118581 -0.0439384013846765 0.0031000753176291 0.0494305894843309
0.0686466223140461 0.00694133627772719 0.0328472641985701 -0.0347532057118581 0.121520752670901 0.0316185529730358 0.0775282795723381 -0.0484450236551122
0.0445576386301599 0.0134771752523363 0.0166775117308597 -0.0439384013846765 0.0316185529730358 -0.0122312258629401 0.00477663554233544 -0.0098373762016525
0.0353195639001195 0.0795370095675384 0.0943867437034416 0.0031000753176291 0.0775282795723381 0.00477663554233544 0.233801057994237 -0.0472155895791032
-0.0658860759046275 0.0314886094655711 0.00402967605345388 0.0494305894843309 -0.0484450236551122 -0.0098373762016525 -0.0472155895791032 0.0588553300818592
