0.0756932557368036 -0.073796148684816 -0.0451999356502116 -0.057596429057872 0.05832203426871 0.0460431689830035 0.0168437602101517 -0.0793319779728293
-0.073796148684816 0.0982938126668752 0.0647309682895104 0.0734316689800564 -0.0117763358957275 -0.00929647603587423 0.0219466849404456 0.0842505295345936
-0.0451999356502116 0.0647309682895104 0.0711190054547537 0.0164650130165125 -0.014821571176455 0.00184162270902914 0.0688893261851828 0.0402044503172511
-0.057596429057872 0.0734316689800564 0.0164650130165125 0.126507617969837 -0.0257547953530045 -0.0519473475695438 0.0469456791032837 0.1000439830983
0.05832203426871 -0.0117763358957275 -0.014821571176455 -0.0257547953530045 0.00965519874000664 0.0179180480323217 0.166968361466102 -0.0510423524408572
0.0460431689830035 -0.00929647603587422 0.00184162270902915 -0.0519473475695438 0.0179180480323217 -0.00618566699133462 -0.0238821339142352 -0.0280623550033567
0.0168437602101517 0.0219466849404456 0.0688893261851828 0.0469456791032837 0.166968361466102 -0.0238821339142352 0.43188400534718 -0.0577929985738942
-0.0793319779728293 0.0842505295345935 0.0402044503172511 0.1000439830983 -0.0510423524408572 -0.0280623550033567 -0.0577929985738942 0.116597308358609
