0.098800354210045 -0.034573567009017 -0.0151007351879517 -0.0572215960500475 0.0350510180251552 0.0519976789841795 0.0457578067498549 -0.0854281706732585
-0.034573567009017 0.11649538100083 0.106866144678322 0.0494055703493122 0.0469447824774827 0.020329790731184 0.105831814887503 0.100141455768713
-0.0151007351879517 0.106866144678322 0.0905315844789022 0.0304355861601329 0.0517303292328648 0.018481913780608 0.110796823395935 0.063405216671498
-0.0572215960500475 0.0494055703493122 0.0304355861601329 0.143047852438127 -0.0237789539832226 -0.0606422091015507 0.0369769328645218 0.13689454085052
0.0350510180251553 0.0469447824774827 0.0517303292328648 -0.0237789539832227 -0.0105113444388075 0.0324344043400835 0.135774406318862 -0.0215623628906567
0.0519976789841795 0.020329790731184 0.018481913780608 -0.0606422091015507 0.0324344043400835 0.0188622124527954 -0.00766291342882629 -0.0324859653683404
0.0457578067498549 0.105831814887503 0.110796823395935 0.0369769328645218 0.135774406318862 -0.00766291342882629 0.258764337153267 0.0173009609219568
-0.0854281706732585 0.100141455768713 0.063405216671498 0.13689454085052 -0.0215623628906567 -0.0324859653683404 0.0173009609219568 0.150933485329034
