0.0891941361330566 -0.0618995082966496 -0.0638297360044485 -0.0257268321536089 0.0895719888370123 0.052564206860253 0.0196161335975102 -0.0441948259627083
-0.0618995082966496 0.0704378965514346 0.102411324821509 0.0205841403552702 -0.0534893446389704 -0.0320267959209656 0.0450084502629827 0.0364435286675124
-0.0638297360044485 0.102411324821509 0.119370872253365 0.0251808219891148 -0.0551421861572863 -0.0440629096630382 0.082384917825913 0.0511630501919089
-0.0257268321536089 0.0205841403552702 0.0251808219891148 0.0355358684228964 -0.039245798043452 -0.0312469142996355 0.00403708375563332 0.0160913604138363
0.0895719888370123 -0.0534893446389704 -0.0551421861572863 -0.039245798043452 0.0647808130769744 0.0667243602807074 0.0494313983169515 0.00340590357643457
0.052564206860253 -0.0320267959209656 -0.0440629096630382 -0.0312469142996355 0.0667243602807075 0.0233990554125826 -0.0374428558443481 -0.0230930994731176
0.0196161335975102 0.0450084502629827 0.082384917825913 0.00403708375563332 0.0494313983169514 -0.0374428558443481 0.0886344286949376 0.0164185203763723
-0.0441948259627083 0.0364435286675124 0.0511630501919089 0.0160913604138363 0.00340590357643456 -0.0230930994731176 0.0164185203763723 0.0589487923609391
