0.0476671125039838 -0.0321113585260662 -0.00525674374719439 -0.0122622886698082 0.0951150698342444 0.0404661586972149 0.0254928184667472 -0.0333766873192521
-0.0321113585260662 0.0390140591637934 0.0445948688376612 0.0249079585926212 -0.0336062770579734 0.0138002553737842 -0.00669644575260079 0.0434655411889257
-0.00525674374719439 0.0445948688376612 0.0403963705995602 0.013982317059369 -0.0170049877039636 0.0346113552046921 0.00695640812557344 0.0263525379381428
-0.0122622886698082 0.0249079585926212 0.013982317059369 0.040122480877831 -0.00352199235933302 -0.00919399405023748 -0.0388268541076261 0.0439818302064711
0.0951150698342444 -0.0336062770579734 -0.0170049877039636 -0.00352199235933301 0.115692295758971 0.0654589264508019 0.0314319091970527 -0.0421913119795559
0.0404661586972149 0.0138002553737842 0.0346113552046921 -0.00919399405023748 0.0654589264508019 0.0189941374267561 0.022314224987005 -0.00340085898817047
0.0254928184667472 -0.00669644575260079 0.00695640812557344 -0.0388268541076261 0.0314319091970527 0.022314224987005 0.0638550050648289 -0.0353660022467807
-0.0333766873192521 0.0434655411889257 0.0263525379381428 0.0439818302064711 -0.0421913119795559 -0.00340085898817047 -0.0353660022467807 0.0636337485445189
