0.0966894415292262 -0.0852822428837398 -0.0670986943014107 -0.0646235343228638 0.0679505852159634 0.045263896848887 -0.0172453329597922 -0.071470257205761
-0.0852822428837398 0.153309064192425 0.180642075732071 0.0765881246272815 0.00539004276281444 -0.0072435743799275 0.137967075080125 0.0631025962080654
-0.0670986943014107 0.180642075732071 0.204520798872122 0.0582208604632821 0.00489141717688141 0.00675458901516246 0.175918602176362 0.0451899049127591
-0.0646235343228638 0.0765881246272815 0.0582208604632821 0.162107329639766 -0.0781366581224992 -0.0575082086130494 0.0544526663146522 0.0455030731513129
0.0679505852159634 0.00539004276281445 0.00489141717688142 -0.0781366581224992 0.0309709902436483 0.0579699814465293 0.0633893386803555 0.00604477102973344
0.045263896848887 -0.0072435743799275 0.00675458901516246 -0.0575082086130494 0.0579699814465293 0.00885537898008479 -0.0143120405770836 -0.015852230980238
-0.0172453329597922 0.137967075080125 0.175918602176362 0.0544526663146522 0.0633893386803555 -0.0143120405770836 0.21518828856299 0.00906591258076854
-0.071470257205761 0.0631025962080654 0.0451899049127591 0.0455030731513129 0.00604477102973344 -0.015852230980238 0.00906591258076854 0.0761827451277258
