0.123156893873052 -0.0680889021239584 -0.0421648855521103 -0.0812707488569932 0.0530245208857318 -0.0146222566921552 0.0485141835730521 -0.0831022170562398
-0.0680889021239584 0.0839347675430246 0.076849735196294 0.0593021817975184 0.00299286505722358 0.00735152003260375 0.0496027289082031 0.0763037872405358
-0.0421648855521103 0.076849735196294 0.0605756463458423 0.041914393465221 0.0152162814515199 0.00926953596784629 0.0599238150641 0.0394586794211559
-0.0812707488569932 0.0593021817975184 0.041914393465221 0.0778823181869736 -0.0376130969730183 -0.00930225211277512 0.00170450003154184 0.0838510254616611
0.0530245208857318 0.00299286505722358 0.0152162814515199 -0.0376130969730183 -0.037049962099609 -0.0107449353400197 0.0979101755218467 -0.0130852132544317
-0.0146222566921552 0.00735152003260375 0.00926953596784629 -0.00930225211277511 -0.0107449353400197 -0.0148679078601419 -0.0364035569562101 0.0133468433691702
0.0485141835730521 0.0496027289082031 0.0599238150640999 0.00170450003154184 0.0979101755218467 -0.0364035569562101 0.124908617908392 -0.00245049905002478
-0.0831022170562398 0.0763037872405358 0.0394586794211559 0.0838510254616611 -0.0130852132544317 0.0133468433691702 -0.00245049905002478 0.0772162121302429
