0.0823196293931202 -0.056461261993678 -0.064713135166266 -0.00982950903930398 0.0498735385476359 0.0420610025225469 -0.0178842791798972 -0.0860987622702898
-0.056461261993678 0.133628011635059 0.134965525661165 0.0389673234390521 0.032411689167488 -0.015359098997428 0.0624496260842052 0.0857944032447851
-0.064713135166266 0.134965525661165 0.160760491531068 0.0250279055003256 -0.00948729163523373 -0.0124439722951266 0.0814825368843835 0.0736392688369356
-0.00982950903930398 0.0389673234390521 0.0250279055003256 0.0650366387836918 -0.01797460231235 -0.0310646860576721 0.00681971542073575 0.0642007432744319
0.0498735385476359 0.032411689167488 -0.00948729163523372 -0.01797460231235 0.00709760507843341 0.0169120617351459 0.0841823190403094 -0.0311710498117348
0.0420610025225469 -0.015359098997428 -0.0124439722951266 -0.0310646860576721 0.0169120617351459 -0.0101838748147125 -0.0377559318307438 -0.0644739887378403
-0.0178842791798972 0.0624496260842052 0.0814825368843835 0.00681971542073576 0.0841823190403094 -0.0377559318307438 0.180651101085175 0.0333364831745618
-0.0860987622702898 0.0857944032447851 0.0736392688369356 0.0642007432744319 -0.0311710498117348 -0.0644739887378403 0.0333364831745618 0.138906356047987
