0.0318078265598538 -0.03009631026182 -0.0382479484476832 0.00892986065451812 0.0257015468368508 0.00991842606739008 -0.0193773685309708 -0.0349590111414943
-0.03009631026182 0.0662155814366511 0.0719368541336566 0.0240653313706897 -0.0201576871793457 -0.00977553738867 0.0176576466517594 0.0479178911575304
-0.0382479484476832 0.0719368541336566 0.0701545277239555 0.00485791939917794 -0.0277654052178527 0.0137107727515743 0.0449042862692506 0.0517337057428197
0.00892986065451812 0.0240653313706897 0.00485791939917794 0.0309257174402463 -0.0161293293122351 -0.00699069748565038 0.00240992094101148 0.0254908060414475
0.0257015468368508 -0.0201576871793457 -0.0277654052178527 -0.0161293293122351 -0.0177500131323502 -0.00235309988605186 0.0816774626913624 -0.00477711383105561
0.00991842606739008 -0.00977553738867 0.0137107727515743 -0.00699069748565038 -0.00235309988605187 -0.0278146729954789 -0.00818238044403869 0.00581582280856809
-0.0193773685309708 0.0176576466517594 0.0449042862692506 0.00240992094101148 0.0816774626913624 -0.00818238044403869 0.0974142577683053 0.0410968005387732
-0.0349590111414943 0.0479178911575304 0.0517337057428197 0.0254908060414475 -0.0047771138310556 0.00581582280856809 0.0410968005387732 0.0297289999508888
