0.0820183841160092 -0.0774040445923437 -0.0835433809738813 -0.0658080420069645 0.107775129126143 0.0643438700475257 -0.0493552642879773 -0.100418765594952
-0.0774040445923437 0.120016418332214 0.143081331370815 0.056704424676349 -0.0609045902600477 -0.0091265373836741 0.0709835692082549 0.114649532695323
-0.0835433809738813 0.143081331370815 0.186390244010357 0.0428272927473471 -0.0999478094048973 -0.0141373882131389 0.0976655262229198 0.103460079338087
-0.0658080420069645 0.056704424676349 0.0428272927473471 0.133876795337437 -0.062504075037097 -0.0693046161389422 0.0565016295104537 0.133059443545905
0.107775129126143 -0.0609045902600477 -0.0999478094048973 -0.062504075037097 0.0299542264617715 0.0853585008184509 -0.0744121412043768 -0.0940355682547086
0.0643438700475257 -0.0091265373836741 -0.0141373882131389 -0.0693046161389422 0.0853585008184509 0.04758383501511 -0.0916750415851426 -0.04778314618447
-0.0493552642879773 0.0709835692082549 0.0976655262229198 0.0565016295104537 -0.0744121412043768 -0.0916750415851426 0.102828240285351 0.0470611871971563
-0.100418765594952 0.114649532695323 0.103460079338087 0.133059443545905 -0.0940355682547086 -0.04778314618447 0.0470611871971563 0.155339582047424
