0.0711115104353829 -0.0850801455819468 -0.0328226238256469 -0.0265525990828224 0.0464057565159519 0.0380016305826746 0.0470635915089227 -0.0921274549564944
-0.0850801455819468 0.223032316298093 0.141103213175655 0.000952943529119284 -0.0459558686407161 0.0510946161452787 0.0212930112864884 0.168746937671715
-0.0328226238256469 0.141103213175655 0.0969772494112345 -0.0106926903273431 -0.0195447418646635 0.0297663933434574 0.128083755151641 0.0674838039574104
-0.0265525990828224 0.000952943529119288 -0.0106926903273431 0.0584687751807651 -0.0238684341083379 -0.0259043997648203 -0.0255320696853273 0.0586117135976972
0.0464057565159519 -0.0459558686407161 -0.0195447418646635 -0.0238684341083379 -0.038514529960289 -0.0140842458605593 0.0423873006722458 -0.0653663297692815
0.0380016305826746 0.0510946161452787 0.0297663933434574 -0.0259043997648203 -0.0140842458605593 0.0559423445659893 -0.0451611235081565 0.0314384783006424
0.0470635915089227 0.0212930112864884 0.128083755151641 -0.0255320696853273 0.0423873006722458 -0.0451611235081565 0.334595397961511 -0.0898424427158334
-0.0921274549564944 0.168746937671715 0.0674838039574104 0.0586117135976972 -0.0653663297692815 0.0314384783006424 -0.0898424427158334 0.191081399238889
