0.137231974615769 -0.080701332229891 -0.0759385630905261 -0.0186494528715683 0.104403677341032 0.0619919061549047 0.0606466278280858 -0.129519008969797
-0.080701332229891 0.127335683977276 0.124152627339882 -0.0714402265886969 -0.00976841318313752 0.0347537439068196 -0.027863705957383 0.0800294514871377
-0.0759385630905261 0.124152627339882 0.101030454434404 -0.0680075202578484 -0.0205906306282817 0.0640739697510584 0.0831811938025348 0.0677110396459994
-0.0186494528715683 -0.0714402265886969 -0.0680075202578484 0.163757009760612 -0.0140365948241934 -0.0777642332359036 -0.00605524154974901 0.0756401905383189
0.104403677341032 -0.00976841318313752 -0.0205906306282817 -0.0140365948241934 0.033135785467103 0.069518551760392 0.0899615123932218 -0.0585818731473183
0.0619919061549047 0.0347537439068196 0.0640739697510584 -0.0777642332359036 0.069518551760392 0.0599957443337707 0.111631595079779 -0.0654382516391554
0.0606466278280858 -0.027863705957383 0.0831811938025348 -0.00605524154974901 0.0899615123932218 0.111631595079779 0.303252258766437 -0.084471489097788
-0.129519008969797 0.0800294514871377 0.0677110396459994 0.0756401905383189 -0.0585818731473183 -0.0654382516391554 -0.084471489097788 0.156245845953156
