0.183554099962876 -0.152757826668254 -0.107564134875512 -0.0400467520686155 0.159794504943184 0.0538789775764657 0.03202563273254 -0.147012953119155
-0.152757826668254 0.197214023982976 0.115038872342046 0.0752334524268773 -0.103970726028248 0.00186228315729317 -0.0421779111449581 0.163420722652887
-0.107564134875512 0.115038872342046 0.138155194207772 0.0145841351073553 -0.109050270410994 -0.00836418073588663 0.111211844007244 0.0806917046304311
-0.0400467520686155 0.0752334524268773 0.0145841351073553 0.0628533129430352 -0.0268147952975047 0.0104271078631198 -0.0239557571014894 0.0738306442577497
0.159794504943184 -0.103970726028248 -0.109050270410994 -0.0268147952975047 0.097195929868461 0.0582879129840153 -0.0153826211292697 -0.0786016122625011
0.0538789775764657 0.00186228315729317 -0.00836418073588663 0.0104271078631198 0.0582879129840153 0.0140232464480657 -0.00296121426945482 0.00586550192228522
0.03202563273254 -0.0421779111449581 0.111211844007244 -0.0239557571014894 -0.0153826211292697 -0.00296121426945483 0.197930422957905 -0.0365734000064725
-0.147012953119155 0.163420722652887 0.0806917046304311 0.0738306442577497 -0.0786016122625011 0.00586550192228523 -0.0365734000064725 0.142167804522635
