0.10124615606461 -0.0961591189794647 -0.0597085268113438 -0.0462422088162742 0.121374916235565 0.0291989269636716 0.10525263980035 -0.101046142617313
-0.0961591189794647 0.116240182921681 0.106056357313902 0.0417982738622935 -0.0952591394563827 0.0133872487539198 -0.0876999799452059 0.0976223782178199
-0.0597085268113438 0.106056357313902 0.112218899125658 0.024110480030971 -0.068464509103234 0.0429002499328421 -0.0357227388096644 0.0707055036483655
-0.0462422088162742 0.0417982738622935 0.024110480030971 0.061224820490817 -0.0549217987970777 -0.0291470761433615 -0.030759713747465 0.0811842320504928
0.121374916235565 -0.0952591394563827 -0.068464509103234 -0.0549217987970777 0.0760146881674768 0.0439485291643452 0.166167844931226 -0.102939489063678
0.0291989269636716 0.0133872487539198 0.0429002499328421 -0.0291470761433615 0.0439485291643452 0.022127047584404 0.030305023618534 -0.0117984767350373
0.10525263980035 -0.0876999799452059 -0.0357227388096644 -0.030759713747465 0.166167844931226 0.030305023618534 0.225769368809987 -0.140049608205909
-0.101046142617313 0.0976223782178199 0.0707055036483655 0.0811842320504928 -0.102939489063678 -0.0117984767350373 -0.140049608205909 0.148114148446605
