0.0754898105794889 -0.0508484939244296 -0.0602490118449579 -0.0270028591319999 0.0658982161418855 0.0310933437492168 0.00209166286180441 -0.0380826309144258
-0.0508484939244296 0.08291068127166 0.109485355731524 -0.00193494851315141 -0.0166235535224305 0.0290662123179782 0.0560568205592876 0.0257466916272882
-0.0602490118449579 0.109485355731524 0.143102982829518 -0.00850855964655427 -0.00924541352438974 0.0264211724151345 0.0832172314698407 0.0314814305498738
-0.0270028591319999 -0.00193494851315141 -0.00850855964655428 0.101495104509745 -0.00654531640924915 -0.0235844204205532 0.00136361710639326 0.0668729708261891
0.0658982161418855 -0.0166235535224305 -0.00924541352438973 -0.00654531640924915 0.0648018316552646 0.020179488939515 0.101442098919107 -0.0275326224257217
0.0310933437492168 0.0290662123179783 0.0264211724151345 -0.0235844204205532 0.020179488939515 0.00123568570884729 -0.00848472062347936 -0.00357214575417132
0.00209166286180441 0.0560568205592876 0.0832172314698407 0.00136361710639326 0.101442098919107 -0.00848472062347936 0.0943825447703291 -0.0291390185632583
-0.0380826309144258 0.0257466916272882 0.0314814305498738 0.0668729708261891 -0.0275326224257217 -0.00357214575417132 -0.0291390185632583 0.0444434882957798
