0.12689564351668 -0.0479853006658597 -0.0214263208249649 -0.0338176442715563 0.121973970741613 0.0684829723563703 0.0237671266201608 -0.0662770172051698
-0.0479853006658597 0.0768643291649709 0.0787452598707978 0.00399522272220157 -0.0353269897796449 0.0362203463331968 -0.00609118298960786 0.0853851961768242
-0.0214263208249649 0.0787452598707978 0.111568509915359 0.0168954659813137 -0.0250223911608077 0.0322492804690907 0.0801739136605381 0.0544592337055788
-0.0338176442715563 0.00399522272220157 0.0168954659813137 0.077649084510518 -0.0378002309029899 -0.0215297315981854 0.0268479946061078 0.0553990496236719
0.121973970741613 -0.0353269897796449 -0.0250223911608077 -0.0378002309029899 -0.0166867806613072 0.039492810697273 0.0259678939796019 -0.0490948686325336
0.0684829723563703 0.0362203463331968 0.0322492804690907 -0.0215297315981854 0.039492810697273 0.0609988788705106 -0.0214142490936992 0.0201456177176925
0.0237671266201608 -0.00609118298960786 0.0801739136605381 0.0268479946061078 0.0259678939796019 -0.0214142490936992 0.0900774703929819 -0.0315763780595586
-0.0662770172051698 0.0853851961768242 0.0544592337055788 0.0553990496236719 -0.0490948686325336 0.0201456177176925 -0.0315763780595586 0.112176241599762
