0.115502073154307 -0.0970326175449791 -0.0923621793639824 0.00154173213086982 0.0954367188156098 0.0231203559829082 0.0520441531485037 -0.101430110059311
-0.0970326175449791 0.127279138106626 0.136114399358167 -0.0206421111633293 -0.051192054224762 0.0234121827737582 -0.0239025099735145 0.0959692256970964
-0.0923621793639824 0.136114399358167 0.139260640545068 -0.0305137234925108 -0.0715430319873249 0.0217421049052112 -0.00414436794493232 0.100904701849231
0.00154173213086982 -0.0206421111633293 -0.0305137234925108 0.0173149773655196 0.0094700276694882 -0.0172703336182124 0.00767761278145202 0.00890372065700313
0.0954367188156097 -0.051192054224762 -0.0715430319873249 0.0094700276694882 -0.0286778061161001 0.00760154845517795 0.0312818267946215 -0.0710787898475086
0.0231203559829082 0.0234121827737582 0.0217421049052112 -0.0172703336182124 0.00760154845517795 0.00714710275357273 -0.00911050205110754 0.0168070515338159
0.0520441531485037 -0.0239025099735145 -0.00414436794493232 0.00767761278145202 0.0312818267946215 -0.00911050205110754 0.120143370873112 -0.0794274798695613
-0.101430110059311 0.0959692256970964 0.100904701849231 0.00890372065700313 -0.0710787898475086 0.0168070515338159 -0.0794274798695613 0.104698634058412
