0.0698992246313646 -0.0114381728127665 0.0231419137186579 -0.0332390042325491 0.0298710540480418 0.0628167857920334 0.0687372513673767 -0.0413063757518898
-0.0114381728127665 0.0549227870696986 0.0809367513546316 -0.0561749316421503 0.014419517302419 0.0580217602141153 -0.0321062851924563 0.00568655248421649
0.0231419137186579 0.0809367513546316 0.108085344541106 -0.0859404092188144 0.0221210113129094 0.111055514334975 0.0648555348232983 -0.016919556522411
-0.0332390042325491 -0.0561749316421503 -0.0859404092188144 0.109438442821022 -0.0274616222487517 -0.0943081872130485 -0.00983304315804524 0.0416856755852839
0.0298710540480418 0.014419517302419 0.0221210113129094 -0.0274616222487517 0.0655966232600829 0.0312267136014382 -0.0265159759963801 0.0211844859905935
0.0628167857920334 0.0580217602141153 0.111055514334975 -0.0943081872130485 0.0312267136014382 0.0797853058678651 0.05282944974278 -0.046898627050032
0.0687372513673767 -0.0321062851924563 0.0648555348232983 -0.00983304315804525 -0.0265159759963801 0.05282944974278 0.270866206257594 -0.0619949599843664
-0.0413063757518898 0.00568655248421649 -0.016919556522411 0.0416856755852839 0.0211844859905935 -0.046898627050032 -0.0619949599843664 0.0311110965358865
