0.114324307998584 -0.104461851366904 -0.103197035289496 -0.0474761638396879 0.0868997964136245 0.0534883068558281 0.0347060514487925 -0.0813520128723302
-0.104461851366904 0.225537197536436 0.180543731161158 0.0339360350280841 -0.0226147847821525 -0.00758924237706407 0.048318102874116 0.123056823096326
-0.103197035289496 0.180543731161158 0.160194463386946 0.0189194739060284 -0.0249343774952636 0.0122389701604481 0.0696237364108987 0.096190178122823
-0.0474761638396879 0.0339360350280841 0.0189194739060284 0.094484111094799 -0.0178639947494873 -0.0777338832834 0.0340800757852675 0.0379161038683698
0.0868997964136244 -0.0226147847821525 -0.0249343774952636 -0.0178639947494873 -0.0344004289022164 0.0234390303981699 0.0622060741660323 -0.026654529082
0.0534883068558281 -0.00758924237706408 0.0122389701604481 -0.0777338832834 0.0234390303981699 0.0320188844048587 0.00960455769017965 -0.00124271249695176
0.0347060514487925 0.048318102874116 0.0696237364108987 0.0340800757852675 0.0622060741660323 0.00960455769017965 0.158189942040974 -0.0194974191742416
-0.0813520128723302 0.123056823096326 0.096190178122823 0.0379161038683698 -0.026654529082 -0.00124271249695176 -0.0194974191742416 0.0844339196397818
