0.0610933070908592 -0.0709763836688385 -0.0526902937879195 -0.0262186229139417 0.0624321333803611 0.0222070865714881 -0.0346127249466975 -0.0481478655065167
-0.0709763836688385 0.0937118149316389 0.0711386458134771 0.0390867005909116 -0.0547216511930665 -0.00454255545724636 0.0520273584354803 0.0490178736093794
-0.0526902937879195 0.0711386458134771 0.0477717832120399 0.0198787308049807 -0.0448904432091858 0.00160437417857014 0.0691412736659374 0.0525982539143891
-0.0262186229139417 0.0390867005909116 0.0198787308049807 0.175875481851361 -0.0103516581433304 -0.0305946994798775 0.0227935401631752 0.048807705257833
0.0624321333803611 -0.0547216511930665 -0.0448904432091858 -0.0103516581433305 -0.054668143370088 0.0230766376185118 -0.0433447792772667 -0.0258841677539677
0.0222070865714881 -0.00454255545724636 0.00160437417857014 -0.0305946994798775 0.0230766376185118 -0.0174212322777138 -0.0520175934053585 0.0227507169399512
-0.0346127249466975 0.0520273584354803 0.0691412736659374 0.0227935401631752 -0.0433447792772667 -0.0520175934053585 0.105693980670697 -0.0153251009312903
-0.0481478655065167 0.0490178736093794 0.0525982539143891 0.048807705257833 -0.0258841677539677 0.0227507169399512 -0.0153251009312903 0.0760216119422202
