0.112937460671132 -0.0687930600471653 -0.0691815199536172 -0.0617808339976885 0.0934077252980547 0.0883216951620114 -0.0188510427674366 -0.0598836684682304
-0.0687930600471653 0.145059617563123 0.145520877797499 0.0830663169716289 0.0104770166067395 0.0273291606466089 0.0660638984962846 0.097925851914625
-0.0691815199536172 0.145520877797499 0.143410982574828 0.084157916984555 0.025814431531296 0.0101275794979098 0.0982617593968607 0.0771862692584806
-0.0617808339976885 0.0830663169716289 0.084157916984555 0.111476793745428 -0.020022858396183 -0.0314727341211391 0.0420042221420523 0.0745634850358294
0.0934077252980547 0.0104770166067395 0.025814431531296 -0.020022858396183 0.0165267691929843 0.0669269317128344 0.0901979898306991 -0.0110434904632146
0.0883216951620114 0.0273291606466089 0.0101275794979098 -0.0314727341211391 0.0669269317128344 0.0778394127670557 -0.0452332604995203 0.0131006592595341
-0.0188510427674366 0.0660638984962846 0.0982617593968607 0.0420042221420523 0.0901979898306991 -0.0452332604995203 0.128914527295094 0.0128680381835382
-0.0598836684682304 0.097925851914625 0.0771862692584806 0.0745634850358294 -0.0110434904632146 0.0131006592595341 0.0128680381835382 0.0881652298925221
