0.0724653435310576 -0.0718983663931552 -0.092988423214778 -0.00850803804811133 0.0599626603764308 -0.00727648496485815 -0.0111821078895113 -0.0442621930355109
-0.0718983663931552 0.0891444976638191 0.0954919863070353 -0.0039834150117168 -0.0221244837776142 0.0254178424953404 0.0508360624223364 0.0303253563514103
-0.092988423214778 0.0954919863070353 0.144130841569328 -0.0457218999343603 -0.0376919282651892 0.0507105073489213 0.0513057802797452 0.0450047622440641
-0.00850803804811133 -0.0039834150117168 -0.0457218999343603 0.116106581227882 -0.0269214898224869 -0.0490736181905719 -0.0428252344628986 0.025583136888682
0.0599626603764308 -0.0221244837776142 -0.0376919282651892 -0.0269214898224869 -0.0219868063495629 -0.0298722755857601 0.0724267869525485 -0.0253409303965783
-0.00727648496485815 0.0254178424953404 0.0507105073489213 -0.0490736181905719 -0.0298722755857601 -0.0113846557538149 0.00358812825482709 0.0130565543492306
-0.0111821078895113 0.0508360624223364 0.0513057802797452 -0.0428252344628986 0.0724267869525485 0.00358812825482708 0.0742099950572286 -0.00383772387400828
-0.0442621930355109 0.0303253563514103 0.0450047622440641 0.025583136888682 -0.0253409303965783 0.0130565543492306 -0.00383772387400828 0.0348366500139603
