0.0397384566022867 -0.0412307091073326 -0.0404915714240829 -0.0125041608037551 0.0602320121977078 0.0197600042760968 0.0532830937925896 -0.0428513546888079
-0.0412307091073326 0.115164369212164 0.111870200963089 -0.0518132186710449 -0.0196741108381006 0.0551619399093172 0.00723690854563058 0.050689081230942
-0.0404915714240829 0.111870200963089 0.102519554148779 -0.0140898371023447 -0.0340348335617457 0.0423028345808825 0.00798188770117443 0.0546034231110005
-0.0125041608037551 -0.0518132186710449 -0.0140898371023447 0.11442258921366 -0.00655692645455732 -0.0508147296381223 0.00892612730895169 0.0438101335211799
0.0602320121977078 -0.0196741108381006 -0.0340348335617457 -0.00655692645455732 0.00453365178198487 0.0197853222076126 0.120978064476778 -0.0339897342613228
0.0197600042760968 0.0551619399093172 0.0423028345808825 -0.0508147296381223 0.0197853222076126 0.0265443880865803 -0.00395826597237628 0.00367409937695881
0.0532830937925896 0.00723690854563058 0.00798188770117444 0.00892612730895169 0.120978064476778 -0.00395826597237627 0.0992609445634446 -0.0134973428943838
-0.0428513546888079 0.050689081230942 0.0546034231110005 0.0438101335211799 -0.0339897342613228 0.00367409937695881 -0.0134973428943838 0.0237136052948504
