0.162740413302911 -0.122715649040702 -0.101207164215644 -0.0353518040699872 0.145745240590225 0.082754343859639 0.0361931692724066 -0.1435821123972
-0.122715649040702 0.17150500732615 0.155247562484009 0.00517965084951317 -0.0885389757691185 -0.00305657382879068 -0.0167360254262555 0.161454654430871
-0.101207164215644 0.155247562484009 0.11831126906495 -0.0165501563080294 -0.0677674443377571 0.000900281006525751 0.0817072114804381 0.110385843329998
-0.0353518040699872 0.00517965084951317 -0.0165501563080294 0.0893367331390911 -0.048516454098143 -0.035135811318554 -0.0114608813786074 0.0823507689187076
0.145745240590225 -0.0885389757691185 -0.0677674443377571 -0.048516454098143 0.0990114714706542 0.0744149837959771 0.0816442197237216 -0.15452858673704
0.082754343859639 -0.00305657382879068 0.00090028100652575 -0.035135811318554 0.0744149837959771 0.0379299520861724 -0.0101348714955489 -0.0384314983919215
0.0361931692724066 -0.0167360254262555 0.0817072114804381 -0.0114608813786074 0.0816442197237216 -0.0101348714955489 0.314659070600512 -0.109027329134939
-0.1435821123972 0.161454654430871 0.110385843329998 0.0823507689187076 -0.15452858673704 -0.0384314983919215 -0.109027329134939 0.18848849073033
