0.0595021393464588 -0.0516211829615792 -0.0402097188925222 -0.0238615231834923 0.10624822155377 0.0308731786939558 0.0543268435531277 -0.0465705082656984
-0.0516211829615792 0.106412584840909 0.0897722903917783 0.00354706673607187 -0.0571485062829678 0.0233814704113529 -0.0176921313666499 0.0594900567911312
-0.0402097188925222 0.0897722903917783 0.0966238551024096 -0.0384620166070858 -0.0747992646946099 0.0223465238071027 0.0595954858377029 0.0256001616228343
-0.0238615231834923 0.00354706673607188 -0.0384620166070858 0.0751983525527506 -0.0102810656080069 -0.0247365072556176 -0.0624468503182688 0.0477624928380931
0.10624822155377 -0.0571485062829678 -0.0747992646946099 -0.0102810656080069 0.121982079176552 0.0440179296919786 0.0594511028172832 -0.0324232331275623
0.0308731786939558 0.0233814704113529 0.0223465238071027 -0.0247365072556176 0.0440179296919786 0.00683552625756987 -0.0184799776632139 -0.00711802247220243
0.0543268435531277 -0.0176921313666499 0.059595485837703 -0.0624468503182688 0.0594511028172832 -0.0184799776632139 0.235689824224158 -0.066181404607622
-0.0465705082656984 0.0594900567911312 0.0256001616228343 0.0477624928380931 -0.0324232331275623 -0.00711802247220243 -0.066181404607622 0.0493869496465542
