0.108047308677409 -0.0829236696596863 -0.0746066059114123 -0.0527738622589463 0.0823099674586722 0.0756430291130954 0.0511344919531254 -0.0809760488663092
-0.0829236696596863 0.119045325020962 0.108807276975713 0.0150264377612716 -0.0205064946961554 -0.000728617899433189 -0.00845373251190681 0.0924036455558321
-0.0746066059114123 0.108807276975713 0.106199437194458 0.0116385794637221 0.00486645817867243 -0.00937222903812795 0.0563300507068573 0.0811846068203847
-0.0527738622589463 0.0150264377612716 0.0116385794637221 0.119529399800478 -0.0584015926418223 -0.0873866615929555 0.0364587072562545 0.0531002222608025
0.0823099674586722 -0.0205064946961554 0.00486645817867243 -0.0584015926418223 -0.00217421203726615 0.0677926485951358 0.100804250618994 -0.00772365474276144
0.0756430291130954 -0.000728617899433191 -0.00937222903812795 -0.0873866615929555 0.0677926485951358 0.0512026379357131 -0.0222974899838637 -0.0231307950586115
0.0511344919531254 -0.00845373251190681 0.0563300507068573 0.0364587072562545 0.100804250618994 -0.0222974899838637 0.166442101560129 -0.0307086280671271
-0.0809760488663092 0.0924036455558321 0.0811846068203847 0.0531002222608025 -0.00772365474276145 -0.0231307950586115 -0.0307086280671271 0.0771268152849542
