0.0754196163130286 -0.0964026596237169 -0.0322583250295731 -0.0190956245149759 0.0693733837790391 0.0314173466199102 0.0846689968086736 -0.127088438775175
-0.0964026596237169 0.187261214927772 0.0664661276563464 -0.00979531980601045 -0.0453103240989151 0.0162499962429879 -0.0617225212163189 0.160322731827882
-0.0322583250295731 0.0664661276563464 0.050766906552133 -0.0172986908737805 -0.0253947094976469 0.00184695713056963 0.0563019535309988 0.0186251006359614
-0.0190956245149759 -0.00979531980601045 -0.0172986908737805 0.0812903155211654 -0.00257756259170454 -0.0361765742539166 -0.0190449826186235 0.0676305700679998
0.0693733837790391 -0.0453103240989151 -0.0253947094976469 -0.00257756259170454 -0.0437081992325668 0.0245081496695307 0.063260126826767 -0.0730751056473112
0.0314173466199102 0.0162499962429879 0.00184695713056963 -0.0361765742539166 0.0245081496695307 -0.0176343971584155 -0.0440532164062946 -0.00614024310698316
0.0846689968086736 -0.0617225212163189 0.0563019535309988 -0.0190449826186235 0.063260126826767 -0.0440532164062946 0.461235595968882 -0.253094934015079
-0.127088438775175 0.160322731827882 0.0186251006359614 0.0676305700679998 -0.0730751056473112 -0.00614024310698316 -0.253094934015079 0.244249228073476
