0.0434539965701374 -0.047660863978849 -0.0241257331124737 -0.0212607898606109 0.0475927051303442 0.0231205712852503 0.030989675464143 -0.0486322520279052
-0.047660863978849 0.0927387294644372 0.0723012854565229 0.0357045609916853 0.00131686036015523 -0.00291429835002864 0.0268445607644815 0.0625612674419322
-0.0241257331124737 0.0723012854565229 0.0760499925944164 0.0258863301920132 0.00549345658512856 -0.0175196407904874 0.127449249919174 0.0232189208902281
-0.0212607898606109 0.0357045609916853 0.0258863301920132 0.11276648497685 -0.0293282824188105 -0.0333172828670489 0.00558104767102842 0.072875176997835
0.0475927051303442 0.00131686036015523 0.00549345658512855 -0.0293282824188105 -0.0144267740028725 0.0187831968753906 0.0703285748169373 -0.0184599287030707
0.0231205712852503 -0.00291429835002864 -0.0175196407904874 -0.0333172828670489 0.0187831968753906 0.0103762498799085 -0.0451166356049724 -0.0163584910894561
0.030989675464143 0.0268445607644815 0.127449249919174 0.00558104767102842 0.0703285748169373 -0.0451166356049724 0.182611806597519 -0.0524876836606186
-0.0486322520279052 0.0625612674419322 0.0232189208902281 0.072875176997835 -0.0184599287030707 -0.0163584910894561 -0.0524876836606186 0.0918825294888904
