0.124215426889149 -0.0735255991566839 -0.0565907286982369 -0.0806802517481034 0.082421432827857 0.0611482385171908 -0.00522644799317569 -0.130508346277583
-0.0735255991566839 0.0843108238105234 0.0641140610041026 0.0652817365604206 -0.0461781343338163 0.00246198738121901 0.0281229922586042 0.0973284712671293
-0.0565907286982369 0.0641140610041026 0.0707822027457005 0.0157979964913091 -0.00511963143529853 0.0148530162576993 0.0719894170863987 0.0781091469153218
-0.0806802517481034 0.0652817365604206 0.0157979964913091 0.147996396892399 -0.0637383299611134 -0.0498155650053581 0.0458068815445046 0.0870978090191678
0.082421432827857 -0.0461781343338163 -0.00511963143529852 -0.0637383299611134 0.0264440777999743 0.0366554725929512 0.0391058976414918 -0.0608137031238386
0.0611482385171908 0.00246198738121901 0.0148530162576993 -0.0498155650053581 0.0366554725929512 0.0206726368873102 0.00535238747519773 -0.0259962417718854
-0.00522644799317569 0.0281229922586042 0.0719894170863987 0.0458068815445046 0.0391058976414918 0.00535238747519773 0.0940981850509068 0.00710864714124383
-0.130508346277583 0.0973284712671293 0.0781091469153218 0.0870978090191678 -0.0608137031238386 -0.0259962417718854 0.00710864714124383 0.154724257404303
