0.120250989957244 -0.0784817037631037 -0.0795362810458008 -0.046480207718531 0.10542688924056 0.0159647985475599 0.01729017612092 -0.0858401281868039
-0.0784817037631037 0.14587214083874 0.156743596377644 0.0429619268681687 -0.0387844937178045 0.0369833632476622 0.101134995919942 0.0559188350140607
-0.0795362810458008 0.156743596377644 0.195431674880585 0.0402365452891206 -0.0551411663090486 0.0370916216060468 0.163063974662007 0.0761582399623301
-0.046480207718531 0.0429619268681687 0.0402365452891206 0.146855463326833 -0.0684957534632961 -0.0203644553410441 -0.0153992851468506 0.066709743662586
0.10542688924056 -0.0387844937178045 -0.0551411663090486 -0.0684957534632961 0.0181069122503092 0.0120961079489362 0.0494426018051234 -0.084517087243542
0.0159647985475599 0.0369833632476622 0.0370916216060468 -0.0203644553410441 0.0120961079489362 0.0231329355905306 -0.0164056996061377 0.0109392297560565
0.01729017612092 0.101134995919942 0.163063974662007 -0.0153992851468506 0.0494426018051234 -0.0164056996061377 0.207639377238041 -0.0144816141254539
-0.0858401281868039 0.0559188350140607 0.0761582399623301 0.066709743662586 -0.084517087243542 0.0109392297560565 -0.0144816141254539 0.0751588934494018
