0.13676471930742 -0.0411165219548695 -0.0245526383464125 -0.0806640248347622 0.199316942022036 0.0793901340269534 0.0443525655960373 -0.0497333011703982
-0.0411165219548695 0.28548566497324 0.283437579305028 0.0864962815103317 0.0202612481161311 0.0200496193810325 0.19857017004159 0.210585576459853
-0.0245526383464125 0.283437579305028 0.253553839252411 0.0654719136345515 0.0176508101899874 0.0341740437956459 0.251376002820724 0.185590051611474
-0.0806640248347622 0.0864962815103317 0.0654719136345515 0.128698884177977 -0.0928204420036248 -0.0671241057764973 0.0142789975217676 0.119481165443316
0.199316942022036 0.0202612481161311 0.0176508101899874 -0.0928204420036248 0.114323066428949 0.107679663313611 0.0764583066759441 -0.00104613634791441
0.0793901340269534 0.0200496193810325 0.0341740437956459 -0.0671241057764973 0.107679663313611 0.0230409516642306 0.0378182250991492 -0.00539921477306954
0.0443525655960373 0.19857017004159 0.251376002820724 0.0142789975217676 0.0764583066759441 0.0378182250991492 0.284384812989609 0.0746556203366328
-0.0497333011703982 0.210585576459853 0.185590051611474 0.119481165443316 -0.00104613634791441 -0.00539921477306954 0.0746556203366328 0.164601713804068
