0.0739210492682736 -0.0564372054500306 -0.0568979930416489 -0.0204444704473062 0.0548499510126981 0.00888495994790654 0.00542048507214842 -0.0468024621870786
-0.0564372054500306 0.0935689989286863 0.0933211886468381 0.013867337961716 -0.0304329008559745 0.00683515504772605 0.0457887110770234 0.0511603068412413
-0.0568979930416489 0.0933211886468381 0.103822988794503 0.0132546696955041 -0.00335024206741447 0.00349048788184551 0.105961971442852 0.0447361392898809
-0.0204444704473062 0.013867337961716 0.0132546696955041 0.0613274206763715 -0.00567893911153148 -0.0183369359213495 0.00856901204717159 0.0182448369313835
0.0548499510126981 -0.0304329008559745 -0.00335024206741447 -0.00567893911153148 -0.0444331147528206 -0.00519348598396209 0.0802495453188922 -0.0336563387982628
0.00888495994790654 0.00683515504772605 0.00349048788184551 -0.0183369359213495 -0.00519348598396209 -0.015266313000186 -0.029198876838031 -0.00379922827884989
0.00542048507214842 0.0457887110770234 0.105961971442852 0.00856901204717159 0.0802495453188922 -0.029198876838031 0.20605834914915 0.0174767628273476
-0.0468024621870786 0.0511603068412413 0.0447361392898809 0.0182448369313835 -0.0336563387982628 -0.00379922827884989 0.0174767628273476 0.0425918266723076
