0.0321538353183982 -0.0218490866740374 -0.0153055419389343 -0.00520004811977317 0.0338418330037662 0.0202251780116753 0.0275179168616707 -0.0156332311510405
-0.0218490866740374 0.0387754524628144 0.0224302661737367 0.00733242274651918 -0.0126504198101029 0.0164160462738185 0.0316830874501614 0.00538466979652694
-0.0153055419389343 0.0224302661737367 0.0310591811331361 -0.0158922297999646 0.00219434750326876 0.0264372123777513 -0.000367211582753322 -0.0133952812707539
-0.00520004811977317 0.00733242274651918 -0.0158922297999646 0.0121981629524239 -0.00439000162805739 -0.0152498993807408 0.0179312038066216 0.0166593345991634
0.0338418330037662 -0.0126504198101029 0.00219434750326876 -0.00439000162805739 -0.028569832272858 0.0088727201268401 0.0290026583399589 -0.00807267713069003
0.0202251780116753 0.0164160462738185 0.0264372123777513 -0.0152498993807408 0.0088727201268401 -0.0089681337067507 0.0185253134619851 -0.0174427816898363
0.0275179168616707 0.0316830874501614 -0.000367211582753321 0.0179312038066216 0.0290026583399589 0.0185253134619851 0.03650799380795 0.0129034679746618
-0.0156332311510405 0.00538466979652694 -0.0133952812707539 0.0166593345991634 -0.00807267713069004 -0.0174427816898363 0.0129034679746618 0.0360170360429558
