0.0622767326940205 -0.0706736303852128 -0.0567553337444635 -0.0647076878741343 0.0360409614526523 0.0237681659635761 -0.0348721893770406 -0.0613138234904817
-0.0706736303852128 0.0994502220653991 0.11416174419813 0.0685953265348039 0.00376234672240941 0.00803865649822176 0.0698561732359124 0.0716180766109452
-0.0567553337444635 0.11416174419813 0.152554383344917 0.0622546586682494 0.0159815391699251 0.0123770014692724 0.136845738807487 0.0325756474754435
-0.0647076878741343 0.0685953265348039 0.0622546586682494 0.117078770740333 -0.0283210455442618 -0.0210046770443826 0.0393982847298731 0.0727755943773327
0.0360409614526523 0.00376234672240941 0.0159815391699251 -0.0283210455442618 -0.0470787185703201 0.0343255309251483 0.035452138160666 -0.024990360872868
0.0237681659635761 0.00803865649822176 0.0123770014692724 -0.0210046770443826 0.0343255309251483 0.00799634345095294 -0.0161494220334174 0.00377199995072943
-0.0348721893770406 0.0698561732359124 0.136845738807487 0.0393982847298731 0.035452138160666 -0.0161494220334174 0.170784060445325 -0.0206566331371156
-0.0613138234904817 0.0716180766109452 0.0325756474754435 0.0727755943773327 -0.024990360872868 0.00377199995072943 -0.0206566331371156 0.0945591185669984
