0.0878528298425017 -0.0810877437784029 -0.0215147777500864 -0.0717295222310314 0.0442154824426098 0.0379537377564433 0.0104018699811272 -0.0684148966326407
-0.0810877437784029 0.10978085820261 0.0604564453094245 0.0361540803908018 -0.0313639182482796 0.0159673929814271 0.0358671712203875 0.0386825284399819
-0.0215147777500864 0.0604564453094245 0.105948589517153 0.0186476995018019 -0.0145653255685688 0.00995241698024702 0.117662041037349 0.0185427906477221
-0.0717295222310314 0.0361540803908018 0.0186476995018019 0.128350945716848 -0.0214629021892022 -0.0415649222168922 0.00256517634836004 0.081439065839771
0.0442154824426098 -0.0313639182482796 -0.0145653255685688 -0.0214629021892022 -0.0354261343911152 0.0276267211574769 -0.0184564519140129 -0.018873069503721
0.0379537377564433 0.0159673929814271 0.00995241698024702 -0.0415649222168922 0.0276267211574769 -0.000176303764576097 -0.0369300026509052 -0.0246035204237062
0.0104018699811272 0.0358671712203875 0.117662041037349 0.00256517634836004 -0.0184564519140129 -0.0369300026509052 0.330230987949206 -0.0354805668373219
-0.0684148966326407 0.038682528439982 0.0185427906477221 0.081439065839771 -0.018873069503721 -0.0246035204237062 -0.0354805668373219 0.0465524369333036
