0.0693888250817073 -0.0773370916762029 -0.0473060878721869 -0.0573279772691907 0.0873230912776662 0.033413977369554 -0.00657276320761342 -0.0883998119182895
-0.0773370916762029 0.0897697715995146 0.0818275328725783 0.0401215663910532 -0.0638120001693386 -0.0181325527723349 0.0430092296895314 0.0861171011997644
-0.0473060878721869 0.0818275328725783 0.0533915476175656 0.0328847049668345 -0.0661301270051326 -0.00977142612869315 0.0423015556451812 0.0675852234594447
-0.0573279772691907 0.0401215663910532 0.0328847049668345 0.230419280362277 -0.114351838674984 -0.0604247977049777 0.00720384747799621 0.15003489036856
0.0873230912776662 -0.0638120001693386 -0.0661301270051327 -0.114351838674984 0.0891076722571808 0.0257786405276546 0.0313835228685576 -0.10748715511271
0.033413977369554 -0.0181325527723349 -0.00977142612869315 -0.0604247977049777 0.0257786405276546 0.00136295124902799 -0.0434760120288233 -0.0204550943103566
-0.00657276320761342 0.0430092296895314 0.0423015556451812 0.00720384747799621 0.0313835228685576 -0.0434760120288233 0.094725933551169 -0.0314865782269218
-0.0883998119182895 0.0861171011997644 0.0675852234594447 0.15003489036856 -0.10748715511271 -0.0204550943103566 -0.0314865782269218 0.132460776263692
