0.0897291997652865 -0.0731754821506743 -0.0671220866834483 -0.050251459060963 0.103130607361231 0.0434123770391418 0.00748125254844166 -0.080485701979421
-0.0731754821506743 0.137223059995049 0.126388560255144 0.0696356113232197 -0.0161200953897953 0.00152425465352137 0.0467282637116931 0.0713978464469594
-0.0671220866834483 0.126388560255144 0.118930567012724 0.0633342064674922 -0.0303646421955198 0.000149389453327703 0.0914040306709138 0.0879649583186637
-0.050251459060963 0.0696356113232197 0.0633342064674922 0.135503267168955 -0.0324325164657909 -0.0680428978512898 0.113468938553459 0.0986019251062898
0.103130607361231 -0.0161200953897953 -0.0303646421955198 -0.0324325164657909 0.026625073821983 0.0463950706229533 0.0480918354543367 -0.0714753159527973
0.0434123770391418 0.00152425465352136 0.000149389453327708 -0.0680428978512898 0.0463950706229533 0.0397917655749385 -0.0926726885341943 -0.0332955976339415
0.00748125254844166 0.0467282637116931 0.0914040306709138 0.113468938553459 0.0480918354543367 -0.0926726885341943 0.200543031957318 0.0396473461282895
-0.080485701979421 0.0713978464469594 0.0879649583186637 0.0986019251062898 -0.0714753159527973 -0.0332955976339415 0.0396473461282895 0.0872627927324024
