0.0929576675111207 -0.0782409893297426 -0.0624785015770168 -0.0228912576575841 0.0631033324551924 0.0398299010732505 0.0289983686580276 -0.0842536507186266
-0.0782409893297426 0.125977501392875 0.109198813038375 0.0553314527175181 -0.0504376163071713 -0.00393517574560947 -0.0153598956602973 0.118698250428096
-0.0624785015770168 0.109198813038375 0.091104536105621 0.0368891943141824 -0.0588507517016597 0.0119014372157005 0.0320225719450569 0.0877907396158451
-0.0228912576575841 0.0553314527175181 0.0368891943141824 0.139619061691951 -0.00595654044188115 -0.0163908139617244 0.00793091346578602 0.118531469286837
0.0631033324551924 -0.0504376163071713 -0.0588507517016597 -0.00595654044188114 -0.0100420302073306 0.0265850483350174 0.0729932323842175 -0.0407678607040617
0.0398299010732505 -0.00393517574560947 0.0119014372157005 -0.0163908139617244 0.0265850483350174 -0.00437712579405209 -0.00231901272046982 -0.00687647917965188
0.0289983686580276 -0.0153598956602973 0.0320225719450569 0.00793091346578601 0.0729932323842175 -0.00231901272046982 0.149006341847363 -0.0227964321367942
-0.0842536507186266 0.118698250428096 0.0877907396158451 0.118531469286837 -0.0407678607040617 -0.00687647917965188 -0.0227964321367942 0.13674384774807
