0.0498989256584939 -0.0495941662364514 -0.0491676785630036 -0.0458230703587006 0.0722346848341571 0.0333318040566685 -0.0208089597517858 -0.0504208627216622
-0.0495941662364514 0.0563034849387642 0.0677083827588218 0.0383383496642864 -0.0312573324290578 0.0115314982916511 0.0194564621234652 0.0508270308674344
-0.0491676785630036 0.0677083827588218 0.0783478386842986 0.0458415229786474 -0.0498352339726966 -0.0151500936426639 0.114697926032375 0.0450671368409007
-0.0458230703587006 0.0383383496642864 0.0458415229786474 0.0872947323139937 -0.0830222174489402 -0.0257951157079654 0.038769460013756 0.0729272356796772
0.0722346848341571 -0.0312573324290578 -0.0498352339726966 -0.0830222174489402 0.0334973867075633 0.0135292114740879 0.0374116017217584 -0.0472267011504447
0.0333318040566685 0.0115314982916511 -0.0151500936426639 -0.0257951157079654 0.0135292114740879 0.0339496004087728 -0.114136807898654 -0.014304816439186
-0.0208089597517858 0.0194564621234652 0.114697926032375 0.038769460013756 0.0374116017217584 -0.114136807898654 0.284348054526604 0.0216356523011833
-0.0504208627216622 0.0508270308674344 0.0450671368409007 0.0729272356796772 -0.0472267011504447 -0.014304816439186 0.0216356523011833 0.0745399275738476
