0.118435679257499 -0.0996721929980155 -0.0401262869743138 -0.0489997124008203 0.055547212544039 0.0773411819614023 0.0705898615122334 -0.0967397000784845
-0.0996721929980155 0.11943116536369 0.0616180326946883 0.0397559363283372 -0.052734324652289 -0.0341348390975781 -0.103493794846415 0.0968115062134607
-0.0401262869743138 0.0616180326946883 0.0438408250158086 -0.00898036724144313 -0.026269135872562 0.00393688067598187 0.020331277511852 0.0388968124917852
-0.0489997124008203 0.0397559363283372 -0.00898036724144313 0.0734226709795569 0.0152643930285609 -0.0302324585293704 -0.0380409191073323 0.0675461713412502
0.055547212544039 -0.052734324652289 -0.026269135872562 0.0152643930285609 0.00238852578742145 0.0134420036728832 0.058131764055537 -0.00549355496461639
0.0773411819614022 -0.0341348390975781 0.00393688067598187 -0.0302324585293704 0.0134420036728832 0.0367160110862342 0.0155574583713568 -0.0298776590173137
0.0705898615122334 -0.103493794846415 0.020331277511852 -0.0380409191073323 0.058131764055537 0.0155574583713568 0.255083367980214 -0.0887227496499718
-0.0967397000784845 0.0968115062134607 0.0388968124917852 0.0675461713412502 -0.00549355496461639 -0.0298776590173137 -0.0887227496499718 0.105531648299705
