0.134476103451872 -0.102277172056328 -0.07549780472702 -0.105629131681482 0.0615483609232935 0.0479145315099829 -0.0281697943138198 -0.113726273473005
-0.102277172056328 0.121318027093479 0.126301471224281 0.0978791652568845 -0.022473656147146 0.0250861178680235 0.0661145924414235 0.108391540983465
-0.07549780472702 0.126301471224281 0.157423329589294 0.0554331993282904 0.00172602311955611 0.0254416740384668 0.135340652572928 0.10872485217048
-0.105629131681482 0.0978791652568845 0.0554331993282904 0.164710944393529 -0.0469059634822244 -0.0329566367558887 -0.00168358465508013 0.100113583342384
0.0615483609232935 -0.022473656147146 0.00172602311955611 -0.0469059634822244 -0.0283331071123769 0.0246161934553722 0.0523223865763305 -0.0422749689515245
0.0479145315099829 0.0250861178680235 0.0254416740384668 -0.0329566367558887 0.0246161934553722 0.0343566230583174 -0.0324234644803302 -0.00269106312685297
-0.0281697943138198 0.0661145924414235 0.135340652572928 -0.00168358465508012 0.0523223865763305 -0.0324234644803302 0.178689783406117 0.0220834921605719
-0.113726273473005 0.108391540983465 0.10872485217048 0.100113583342384 -0.0422749689515245 -0.00269106312685298 0.0220834921605719 0.11416376932105
