0.154985098916827 -0.096023609976887 -0.0961022753687966 -0.0457395267595913 0.13857622016412 0.103049145278809 0.0229807083242984 -0.113947004262961
-0.096023609976887 0.108067755653729 0.141257979725446 0.041953169754054 -0.0933506435538675 -0.041733321731083 0.0835461199124374 0.0535930628807248
-0.0961022753687966 0.141257979725446 0.150206534537699 0.00137788235618494 -0.0697826239493127 -0.0364017730322675 0.146819132750835 0.0214277978845466
-0.0457395267595913 0.041953169754054 0.00137788235618494 0.154122528184059 -0.071120680378358 -0.0631838610116107 -0.0305787708198184 0.0927329995519321
0.138576220164121 -0.0933506435538675 -0.0697826239493127 -0.071120680378358 0.131039857127729 0.133258380457368 0.0267218343446203 -0.070644265839986
0.103049145278809 -0.041733321731083 -0.0364017730322675 -0.0631838610116107 0.133258380457368 0.0897042031683073 -0.0582394611360921 -0.0633155590918051
0.0229807083242984 0.0835461199124374 0.146819132750835 -0.0305787708198184 0.0267218343446203 -0.0582394611360921 0.131959721529814 -0.0591038976755448
-0.113947004262961 0.0535930628807248 0.0214277978845466 0.0927329995519321 -0.070644265839986 -0.0633155590918051 -0.0591038976755448 0.144003170270959
