0.0850249820739483 -0.04999458770236 -0.0366408134094865 -0.0174559704275679 0.0744918999758194 0.0694248248584772 0.0400172717543227 -0.0752968274596977
-0.04999458770236 0.0862596466703439 0.0825562955649476 0.0277296797512513 0.00207208587833469 -0.0163160938575698 0.0129086878258094 0.10340325901258
-0.0366408134094865 0.0825562955649476 0.0801664108533232 0.00738452945612478 -0.00950073328462198 -0.00286602061402189 0.0223613190646258 0.0666413422772559
-0.0174559704275679 0.0277296797512513 0.00738452945612478 0.0928112026345822 -0.0393803735736376 -0.0344498121810852 0.021957095450274 0.0644638528418289
0.0744918999758194 0.00207208587833469 -0.00950073328462198 -0.0393803735736376 0.0583662761220818 0.0501042531751469 0.0946424159761446 -0.061736209685074
0.0694248248584772 -0.0163160938575698 -0.00286602061402189 -0.0344498121810852 0.0501042531751469 0.0264487738866344 -0.0504301254857855 -0.0197595030163797
0.0400172717543227 0.0129086878258094 0.0223613190646258 0.021957095450274 0.0946424159761446 -0.0504301254857855 0.207429485482952 -0.0287950354835333
-0.0752968274596977 0.10340325901258 0.0666413422772559 0.0644638528418289 -0.061736209685074 -0.0197595030163797 -0.0287950354835333 0.131765788088577
