0.0957161620247853 -0.0516575341724592 -0.0258055826546489 -0.0555118042380272 0.113349259574064 0.0476216504506256 0.0415412540096724 -0.0968382242458396
-0.0516575341724592 0.0977644062268867 0.0878918355495031 0.06205056144534 0.00185474322344414 0.00647268706123029 0.0539698429157928 0.0577366398561926
-0.0258055826546489 0.0878918355495031 0.115872388629612 0.0369685158855467 -0.00977579277108062 0.0281935900374705 0.114431403534941 0.0337945882474534
-0.0555118042380272 0.06205056144534 0.0369685158855467 0.0850210831017363 -0.00798017367227311 -0.0098516930046108 0.0180026232357463 0.0831804831129442
0.113349259574064 0.00185474322344414 -0.00977579277108062 -0.00798017367227311 0.104795362861021 0.077379880655314 0.103757831283264 -0.101789040420579
0.0476216504506256 0.00647268706123029 0.0281935900374705 -0.0098516930046108 0.077379880655314 0.0336766610676006 -0.0065365236464219 -0.03642139804872
0.0415412540096724 0.0539698429157928 0.114431403534941 0.0180026232357463 0.103757831283264 -0.0065365236464219 0.165174259770201 -0.0424998431230587
-0.0968382242458396 0.0577366398561926 0.0337945882474534 0.0831804831129442 -0.101789040420579 -0.03642139804872 -0.0424998431230587 0.124411686523798
