0.0885924166681528 -0.0585873316313905 -0.0661484278679959 -0.0290067070900094 0.0906598477237373 0.0404022854873144 -0.0475920340244674 -0.0650708709712105
-0.0585873316313905 0.122188956179433 0.138325355263376 0.00805692121225584 -0.0133980663186727 0.0284016194439927 0.125333150763985 0.0557405148812413
-0.0661484278679959 0.138325355263376 0.166154824989263 -0.0340175953686555 -0.0269688254171851 0.0165743894099672 0.189796130318451 0.0699949722759531
-0.0290067070900094 0.00805692121225584 -0.0340175953686555 0.138517860261659 -0.0183723873857806 -0.0420875776259539 -0.00418621010538481 0.0456599594362104
0.0906598477237373 -0.0133980663186727 -0.0269688254171851 -0.0183723873857806 -0.0455554485201659 0.0354874276983542 0.0491081190227553 -0.0602150234498675
0.0404022854873144 0.0284016194439927 0.0165743894099672 -0.0420875776259539 0.0354874276983542 -0.00398115218822651 -0.0297662639703704 -0.00698225841777569
-0.0475920340244674 0.125333150763985 0.189796130318451 -0.00418621010538482 0.0491081190227553 -0.0297662639703704 0.289195441909052 0.00775610668861661
-0.0650708709712105 0.0557405148812413 0.0699949722759531 0.0456599594362104 -0.0602150234498674 -0.0069822584177757 0.00775610668861661 0.0750062245631297
