0.046142347595554 -0.0358488737394519 -0.0228702725086927 -0.0164383440230702 0.0534110381358884 0.042297054064015 -0.0306108299437189 -0.0371772953800841
-0.0358488737394519 0.0426092806901501 0.0409388723655698 0.026093266064235 -0.00641414624733729 -0.0169396804191866 0.0443825072477717 0.0358396145897688
-0.0228702725086927 0.0409388723655698 0.0372293909871343 0.0119784893620166 -0.0566592176346487 0.00101975789132125 0.0415598749060832 0.0403537389034813
-0.0164383440230702 0.026093266064235 0.0119784893620166 0.0229926010787304 -0.0175609792030638 -0.0233868513465202 0.0104006845806105 0.0188376614940918
0.0534110381358884 -0.00641414624733729 -0.0566592176346487 -0.0175609792030638 0.0860470185185337 0.0344316400536559 -2.63162227926796e-05 -0.0376356372872336
0.042297054064015 -0.0169396804191866 0.00101975789132125 -0.0233868513465202 0.0344316400536559 0.00226163575906392 -0.0442362211461901 -0.0105956424491328
-0.0306108299437189 0.0443825072477717 0.0415598749060832 0.0104006845806105 -2.63162227926844e-05 -0.0442362211461901 0.0731881408163959 0.0345935632415704
-0.0371772953800841 0.0358396145897688 0.0403537389034813 0.0188376614940918 -0.0376356372872336 -0.0105956424491328 0.0345935632415704 0.0508296610507421
