0.0899321907181748 -0.0901555926062269 -0.077575498372383 -0.043541114179474 0.0736372848283499 0.0293256195460305 -0.0308722729462304 -0.105641430403339
-0.0901555926062269 0.174693407949927 0.137093652688813 0.0520744450946041 -0.0602717648052376 0.0511968959962807 0.0614418270484525 0.157302734184287
-0.077575498372383 0.137093652688813 0.111795887035008 0.0257420989676152 -0.0596943928328043 0.0336589067433767 0.1258942324881 0.113467904928542
-0.043541114179474 0.0520744450946041 0.0257420989676152 0.0998302996534551 -0.0121329963361698 -0.0166302950057147 -0.0235783721905915 0.0830798993283125
0.0736372848283499 -0.0602717648052376 -0.0596943928328043 -0.0121329963361698 0.00510332055280377 0.0211816097430714 0.00424103709535815 -0.0614813576331822
0.0293256195460305 0.0511968959962807 0.0336589067433767 -0.0166302950057147 0.0211816097430714 0.0256573288495092 0.0206263389027255 0.0136929922672012
-0.0308722729462304 0.0614418270484525 0.1258942324881 -0.0235783721905915 0.00424103709535815 0.0206263389027255 0.166328441277388 0.0381700332114255
-0.105641430403339 0.157302734184287 0.113467904928542 0.0830798993283125 -0.0614813576331822 0.0136929922672012 0.0381700332114255 0.156761907369405
