0.0491095414959385 -0.0492744659590059 -0.0490646954562925 -0.0296945519128986 0.0792014754114152 0.0533776951225043 0.018248332651024 -0.0754778883692692
-0.0492744659590059 0.082486717707746 0.0999406493333461 0.0211379694944264 -0.008185366390617 -0.00312125735841911 0.0140770978415323 0.0806373282979667
-0.0490646954562925 0.0999406493333461 0.0905010605104661 0.00322097219397361 -0.00925118038183372 0.0109645269807878 0.0501914109083556 0.073191838538345
-0.0296945519128985 0.0211379694944264 0.00322097219397361 0.06233068732178 -0.0446558864611391 -0.0380902550888787 0.0107597306261742 0.0670964752700466
0.0792014754114152 -0.008185366390617 -0.00925118038183372 -0.0446558864611391 0.0190888475290674 0.0799734373282808 0.0394071220508223 -0.0620764562349412
0.0533776951225043 -0.00312125735841911 0.0109645269807878 -0.0380902550888787 0.0799734373282808 0.0306167816418612 0.0703755238747 -0.0701775046860976
0.018248332651024 0.0140770978415323 0.0501914109083556 0.0107597306261742 0.0394071220508223 0.0703755238747 0.188124869261532 -0.056597261218631
-0.0754778883692692 0.0806373282979667 0.073191838538345 0.0670964752700466 -0.0620764562349412 -0.0701775046860976 -0.056597261218631 0.115514301409036
