0.0635196499339129 -0.041312947618738 -0.0286730892516536 -0.029050418884237 0.0592625186720559 0.0253942739020194 0.00256121883676151 -0.030029076268836
-0.041312947618738 0.0489360155299589 0.0294426767949938 0.033684093485941 -0.0553450033599911 0.00379170219966107 -0.0386718897932713 0.0403880080718507
-0.0286730892516536 0.0294426767949938 0.0664638819472499 0.0221902013967846 -0.0462863990610881 0.00385319722494564 0.0591942614295568 0.0106557044622569
-0.029050418884237 0.033684093485941 0.0221902013967846 0.0178564162209649 -0.0200514067087989 -0.00836066080085629 0.0191824169364676 0.0237027579623553
0.0592625186720559 -0.0553450033599911 -0.0462863990610881 -0.0200514067087989 -0.044643775373241 -0.0035832867910315 0.0383550938980272 -0.0370967938520843
0.0253942739020194 0.00379170219966107 0.00385319722494565 -0.00836066080085629 -0.00358328679103151 0.00279616675809556 -0.0627779163802259 0.0171592158441709
0.00256121883676151 -0.0386718897932713 0.0591942614295568 0.0191824169364676 0.0383550938980272 -0.0627779163802259 0.174759227395619 -0.055061644820832
-0.030029076268836 0.0403880080718507 0.0106557044622569 0.0237027579623553 -0.0370967938520843 0.0171592158441709 -0.055061644820832 0.0394208492003682
