0.0700253187678193 -0.0225386684121098 -0.0283402198576577 -0.0243819279314905 0.0577445436895094 0.0194659834211944 0.0459491654859533 -0.0401687877295849
-0.0225386684121098 0.0397939924579115 0.0556881993914977 0.00876548351964048 -0.0214619307170333 0.0170982600782501 0.0402201642804217 0.0369248989990555
-0.0283402198576577 0.0556881993914977 0.10376731382991 0.0161404911404147 -0.0111517598929264 0.0365823306592979 0.123530448690725 0.0638427258196243
-0.0243819279314905 0.00876548351964048 0.0161404911404147 0.0770400102813953 -0.0219961984009936 -0.0178513036881779 -0.00183194901833592 0.078909211783393
0.0577445436895094 -0.0214619307170333 -0.0111517598929264 -0.0219961984009936 0.0271720435562434 0.0360394491074971 0.0467995079519665 -0.0398563471716119
0.0194659834211944 0.0170982600782501 0.0365823306592979 -0.0178513036881779 0.0360394491074971 -0.00424264028321564 0.0497662944893243 -0.000272195575375061
0.0459491654859533 0.0402201642804217 0.123530448690725 -0.00183194901833591 0.0467995079519665 0.0497662944893243 0.189167296669774 0.00458500638882219
-0.0401687877295849 0.0369248989990555 0.0638427258196243 0.078909211783393 -0.0398563471716119 -0.00027219557537506 0.00458500638882219 0.101073641235212
