0.0929243962358322 -0.0801342552686152 -0.0624647461989445 -0.0739426461827131 0.103546062932576 0.0770382793644912 0.063144659375941 -0.0341202736312821
-0.0801342552686152 0.11073704700277 0.113627522748696 0.0856770970316382 -0.0470976147187131 -0.0281169780718522 -0.0249441705724138 0.0767444561044915
-0.0624647461989445 0.113627522748696 0.117901878653874 0.0288772922104618 -0.0282193903269455 0.0181682841898024 0.046874392323349 0.0517927286093942
-0.0739426461827131 0.0856770970316382 0.0288772922104618 0.150939440315073 -0.0505213974512221 -0.0936736773191202 -0.0201707142430384 0.0659779136084735
0.103546062932576 -0.0470976147187131 -0.0282193903269455 -0.0505213974512221 0.0657498622907328 0.078138135626444 0.0954682891491137 -0.00913347143878679
0.0770382793644912 -0.0281169780718522 0.0181682841898024 -0.0936736773191202 0.078138135626444 0.0652038329436534 0.0411225813943344 0.0141368370479435
0.063144659375941 -0.0249441705724138 0.046874392323349 -0.0201707142430384 0.0954682891491137 0.0411225813943344 0.178010166118939 -0.053082628522568
-0.0341202736312821 0.0767444561044915 0.0517927286093942 0.0659779136084735 -0.00913347143878679 0.0141368370479435 -0.053082628522568 0.067015706386045
