0.1328019306719 -0.148732172989235 -0.085136218086665 -0.091371220883563 0.105394404989344 0.0468625298881911 -0.0133016251181634 -0.109639650229137
-0.148732172989235 0.173450252395668 0.149622305740083 0.0899624077541715 -0.0936579028243306 -0.0257836213705229 0.0396678198339534 0.128805030879065
-0.085136218086665 0.149622305740083 0.120020512015529 0.051546232189686 -0.0654087328120455 0.0155338242455622 0.0320743009169831 0.0928621681678485
-0.091371220883563 0.0899624077541715 0.051546232189686 0.107254370203643 -0.0330560472599021 -0.0256246049440808 0.0239651192986357 0.105175954288636
0.105394404989344 -0.0936579028243306 -0.0654087328120455 -0.0330560472599021 -0.0182232385218752 0.023581438607624 0.0276653507810941 -0.0755745583365983
0.0468625298881911 -0.0257836213705229 0.0155338242455622 -0.0256246049440808 0.023581438607624 -0.0034257615447872 -0.0131664095113041 -0.0228528493526857
-0.0133016251181634 0.0396678198339534 0.0320743009169831 0.0239651192986357 0.0276653507810941 -0.0131664095113041 0.0221845246554807 0.0114679668423386
-0.109639650229137 0.128805030879065 0.0928621681678485 0.105175954288636 -0.0755745583365983 -0.0228528493526857 0.0114679668423386 0.104643562009693
