0.0894854632447538 -0.0884860828680824 -0.113771883033505 -0.0275209473703635 0.107069322973394 0.0229906480915073 -0.0325663846460221 -0.0559568951917038
-0.0884860828680824 0.143584146978473 0.16737654517549 0.0290222277984372 -0.0560037184140036 -0.000774320209956359 0.134787937481134 0.0619857924129485
-0.113771883033505 0.16737654517549 0.196192414260027 0.0377367847879552 -0.094905039736472 0.00302341271353892 0.147778804421094 0.064237769231123
-0.0275209473703635 0.0290222277984372 0.0377367847879552 0.0741278928396862 -0.0393590231854388 -0.0226150613545651 0.0386918054387267 0.0235906861093639
0.107069322973394 -0.0560037184140036 -0.094905039736472 -0.0393590231854388 0.0236975688403141 0.0160452519492219 -0.0168229700040982 -0.037166032153462
0.0229906480915073 -0.000774320209956365 0.00302341271353892 -0.0226150613545651 0.0160452519492219 -0.0159833766170939 -0.0184081918702489 -0.0172760316496788
-0.0325663846460221 0.134787937481134 0.147778804421094 0.0386918054387267 -0.0168229700040982 -0.0184081918702489 0.255980492470303 0.0112235658411985
-0.0559568951917038 0.0619857924129485 0.064237769231123 0.0235906861093639 -0.037166032153462 -0.0172760316496788 0.0112235658411985 0.0499743342743974
