0.0939578152658962 -0.0728262875887345 -0.0452839314729618 -0.0399467784194934 0.0948770767639635 0.0618174808928421 -0.0247390423501005 -0.0835637000799104
-0.0728262875887345 0.1657352249143 0.154682183106882 0.0192596402130148 -0.00586103481428811 -0.00952716507623904 0.149936370855414 0.133234921136174
-0.0452839314729618 0.154682183106882 0.131053590483717 0.0102093128885855 -0.00383066513000465 0.00885897469993093 0.167742858880247 0.114644247147958
-0.0399467784194934 0.0192596402130148 0.0102093128885855 0.177206665219679 -0.0477746674780134 -0.0384329082492433 -0.0329900243546657 0.108823565732151
0.0948770767639635 -0.00586103481428811 -0.00383066513000465 -0.0477746674780134 -0.0185225425405184 0.0529023827880894 0.0545829915763418 -0.032794991977198
0.0618174808928421 -0.00952716507623904 0.00885897469993094 -0.0384329082492433 0.0529023827880894 0.0133925371732542 -0.0377459476484178 -0.0273456945007843
-0.0247390423501006 0.149936370855414 0.167742858880247 -0.0329900243546657 0.0545829915763418 -0.0377459476484178 0.343891318161459 0.0222571308076523
-0.0835637000799104 0.133234921136174 0.114644247147958 0.108823565732151 -0.032794991977198 -0.0273456945007843 0.0222571308076523 0.161715252765463
