0.0274102385758156 -0.0181177341730525 -0.00749873218482183 -0.0187413167674953 0.0405991788941405 0.0110169213265036 0.00311298776027638 -0.0126037464905513
-0.0181177341730525 0.0566880432775463 0.0589322207365889 0.0317567664098856 -0.0126454085337111 -0.0180469362950574 0.0302323890238384 0.0434900672269042
-0.00749873218482183 0.0589322207365889 0.0823769360285272 0.0268484526146652 0.0134019340356498 -0.000912299551463042 0.0640455085877462 0.0378323219966004
-0.0187413167674953 0.0317567664098856 0.0268484526146652 0.0679510555905946 -0.0280101187522872 -0.0317747267629905 0.0170245809870555 0.0453159737014512
0.0405991788941405 -0.0126454085337111 0.0134019340356498 -0.0280101187522872 -0.0302367605137025 0.0281783616237709 0.0710867376844642 0.0192746942290665
0.0110169213265036 -0.0180469362950574 -0.00091229955146304 -0.0317747267629905 0.0281783616237709 0.0183036845283274 -0.0270631808273271 0.0217299900159195
0.00311298776027638 0.0302323890238384 0.0640455085877462 0.0170245809870554 0.0710867376844642 -0.0270631808273271 0.172566118115157 -0.0302217201840829
-0.0126037464905513 0.0434900672269042 0.0378323219966004 0.0453159737014512 0.0192746942290665 0.0217299900159195 -0.0302217201840829 0.0837984149246465
