0.0451787499486876 -0.062938864865451 -0.0450400357927914 -0.0244419529055615 0.0372397076516155 0.0233384428543003 -0.00290525397851805 -0.0675230271089303
-0.062938864865451 0.108788845830668 0.0762588310808534 0.0569206446143187 -0.0286171198218548 0.000703501698001263 -0.0119514018112874 0.105039610521661
-0.0450400357927914 0.0762588310808534 0.0479746178756206 -0.0064418886256921 -0.0130067896712665 0.0159914178385695 0.022948167093337 0.0308799301756889
-0.0244419529055615 0.0569206446143187 -0.0064418886256921 0.0952143894178602 -0.0397031668204156 -0.0211217772917788 -0.056554911223289 0.0911699268696754
0.0372397076516155 -0.0286171198218548 -0.0130067896712665 -0.0397031668204156 -0.0301591219646019 0.0248225705989624 0.0615807521396229 -0.05579959333276
0.0233384428543003 0.000703501698001257 0.0159914178385695 -0.0211217772917788 0.0248225705989624 -0.0119646752047995 -0.0269389502912105 -0.0226016343221778
-0.00290525397851806 -0.0119514018112874 0.022948167093337 -0.056554911223289 0.0615807521396229 -0.0269389502912105 0.08341145068241 -0.0774220493779263
-0.0675230271089303 0.105039610521661 0.0308799301756889 0.0911699268696754 -0.05579959333276 -0.0226016343221778 -0.0774220493779263 0.1585895427169
