0.149863294698804 -0.0747378988421461 -0.0278592553991967 -0.0738883654928751 0.115702491247167 0.0618193723270917 0.0368342881520534 -0.123288088192756
-0.0747378988421461 0.0563282287024455 0.0492531535547624 0.0124007566083206 -0.0326615008854684 0.00364359573387266 0.00534055340656041 0.0489157060151365
-0.0278592553991967 0.0492531535547624 0.0507934269061936 0.0110024301484581 0.00172711943281111 0.0379318156007717 0.0669234861368481 0.0304431303509294
-0.0738883654928751 0.0124007566083206 0.0110024301484581 0.143712316142536 -0.0962366339800071 -0.0642515320564792 0.00175721993869989 0.165488587082629
0.115702491247167 -0.0326615008854684 0.00172711943281112 -0.0962366339800071 0.00866928125558183 0.0664527388394094 0.0466012652319844 -0.11114867096432
0.0618193723270917 0.00364359573387266 0.0379318156007717 -0.0642515320564792 0.0664527388394094 0.037880614838863 0.0446794381738839 -0.0771362067616627
0.0368342881520534 0.00534055340656041 0.0669234861368481 0.00175721993869989 0.0466012652319844 0.0446794381738839 0.0545949112914082 -0.0188479043500587
-0.123288088192756 0.0489157060151365 0.0304431303509294 0.165488587082629 -0.11114867096432 -0.0771362067616627 -0.0188479043500587 0.160646815955107
