0.075353149408943 -0.0619511421128935 -0.0584962651868062 -0.0708001882844108 0.0487167810215708 0.0488041966556607 -0.0296305125523128 -0.0532157977905724
-0.0619511421128935 0.132658381269843 0.111660791301273 0.0274315131624325 -0.00685381258270529 0.0204513469239223 0.0563756985316558 0.0706679907757484
-0.0584962651868062 0.111660791301273 0.159248109784073 0.00654142232451565 -0.0428817945840012 0.0157676269007448 0.128959124370908 0.0801477397063322
-0.0708001882844108 0.0274315131624325 0.00654142232451565 0.152808282455584 -0.0446171315542591 -0.0562615008340829 -0.000788069918658553 0.0859592642137202
0.0487167810215708 -0.00685381258270529 -0.0428817945840012 -0.0446171315542591 -0.059022455817411 0.0327457425176165 0.045814333357528 -0.0357320855489668
0.0488041966556607 0.0204513469239223 0.0157676269007448 -0.0562615008340829 0.0327457425176165 0.0566690449021525 -0.0508555419098653 -0.0221166382407921
-0.0296305125523128 0.0563756985316558 0.128959124370908 -0.000788069918658552 0.045814333357528 -0.0508555419098653 0.197845959971114 0.032613618252375
-0.0532157977905724 0.0706679907757484 0.0801477397063322 0.0859592642137202 -0.0357320855489667 -0.0221166382407921 0.032613618252375 0.0880827197883045
