0.102541300344162 -0.0778594323675704 -0.0450856620079802 -0.0507342754957507 0.119091449323702 0.0644747783008345 0.0607307621604315 -0.114415348248281
-0.0778594323675704 0.103857627308644 0.0986224039163827 0.0268635077067945 -0.0624444981278063 -0.0217499007799106 0.0126951703046213 0.115239983941265
-0.0450856620079802 0.0986224039163827 0.103653558114503 -0.0165967569097678 -0.0554754827473797 0.0130422492824886 0.0971294727470799 0.0557762512366876
-0.0507342754957507 0.0268635077067945 -0.0165967569097678 0.125936768344617 -0.0494609781486803 -0.0637567931725815 -0.0679785192433834 0.100413353050732
0.119091449323702 -0.0624444981278063 -0.0554754827473797 -0.0494609781486803 0.0289603802067771 0.0656666752433067 0.0837382599487571 -0.0944838326220966
0.0644747783008345 -0.0217499007799106 0.0130422492824886 -0.0637567931725815 0.0656666752433067 0.0375634985219048 0.0154908874605112 -0.0541780000660409
0.0607307621604315 0.0126951703046214 0.0971294727470799 -0.0679785192433834 0.0837382599487571 0.0154908874605112 0.297315234373265 -0.0715575629453959
-0.114415348248281 0.115239983941265 0.0557762512366876 0.100413353050732 -0.0944838326220966 -0.0541780000660409 -0.071557562945396 0.141814607583907
