0.15348442171186 -0.104236138911829 -0.122616052717983 -0.0378316948434371 0.139848155414425 0.0397198433383156 -0.0668797750542768 -0.167175105568949
-0.104236138911829 0.145962577480557 0.162225221045848 0.0494750794107077 -0.0211196016023287 0.0303329073124994 0.106736475633834 0.139051076101003
-0.122616052717983 0.162225221045848 0.162390088453945 0.0349246215127511 -0.0418803027007208 0.0365990656754787 0.147052780171736 0.152318150051521
-0.0378316948434371 0.0494750794107077 0.0349246215127511 0.127706172014101 -0.0174580695601311 -0.0275800789320547 0.00588282690165404 0.113259117455182
0.139848155414425 -0.0211196016023287 -0.0418803027007208 -0.0174580695601311 0.109075738815046 0.0713754942859976 0.0327806309238933 -0.100026737674105
0.0397198433383156 0.0303329073124994 0.0365990656754787 -0.0275800789320547 0.0713754942859976 -0.0101077470413978 0.0381210786871796 -0.00561465987531623
-0.0668797750542768 0.106736475633834 0.147052780171736 0.00588282690165405 0.0327806309238933 0.0381210786871796 0.1595059066101 0.0501617820906279
-0.167175105568949 0.139051076101003 0.152318150051521 0.113259117455182 -0.100026737674105 -0.00561465987531623 0.0501617820906278 0.221862995892068
