0.0832549073740698 -0.0745968644477211 -0.0715552804937472 -0.0571300082887548 0.0654563713614746 0.0451872360876504 0.0343500985510767 -0.0865278252209155
-0.0745968644477211 0.0966943499588607 0.125782861678986 0.0539368769159151 -0.0377854553720106 -0.0161537902057588 0.0490585940785996 0.0808137788477619
-0.0715552804937472 0.125782861678986 0.134628993810317 0.0418409112065289 -0.0617489858217374 -0.0140836702799245 0.10326270085637 0.100357047647387
-0.0571300082887548 0.0539368769159151 0.0418409112065289 0.0723707284234182 -0.0425117427905871 -0.0361925450493553 -0.0254071706690014 0.0653949901493435
0.0654563713614746 -0.0377854553720106 -0.0617489858217374 -0.0425117427905871 -0.0275949891793305 0.0215411217808455 0.047990541457054 -0.0834352658996443
0.0451872360876504 -0.0161537902057588 -0.0140836702799245 -0.0361925450493553 0.0215411217808455 -0.0170886810044493 -0.0159435458068562 -0.0256636644501709
0.0343500985510767 0.0490585940785996 0.10326270085637 -0.0254071706690014 0.047990541457054 -0.0159435458068562 0.22924028023726 -0.0121233609678132
-0.0865278252209155 0.080813778847762 0.100357047647387 0.0653949901493435 -0.0834352658996443 -0.0256636644501709 -0.0121233609678132 0.0779035112215481
