0.0836834735341172 -0.0767987121884708 -0.0746244958493841 -0.0711498134025644 0.11016269474954 0.069426838579295 0.0116207215177442 -0.0740000028340275
-0.0767987121884708 0.13383534944648 0.131952764271589 0.0800705185843771 -0.0672785631605643 -0.0280849063516177 0.0270474761882737 0.0905918789141008
-0.0746244958493841 0.131952764271589 0.112741347464768 0.0512030370847337 -0.0782110805426596 -0.0106354045808957 0.0379167058988843 0.0815609085820475
-0.0711498134025644 0.0800705185843772 0.0512030370847337 0.153074842027184 -0.115853394942721 -0.0835734954643232 -0.0358610224500623 0.0999780101758878
0.11016269474954 -0.0672785631605643 -0.0782110805426596 -0.115853394942721 0.0539475446917785 0.0782509706461962 0.0335033524690853 -0.08170496929245
0.069426838579295 -0.0280849063516177 -0.0106354045808957 -0.0835734954643232 0.0782509706461962 0.0541118174674194 -0.0177676079125945 -0.0379273051581183
0.0116207215177442 0.0270474761882737 0.0379167058988843 -0.0358610224500623 0.0335033524690853 -0.0177676079125945 0.0896575573677186 -0.0246773081636375
-0.0740000028340275 0.0905918789141008 0.0815609085820475 0.0999780101758878 -0.08170496929245 -0.0379273051581183 -0.0246773081636375 0.0751480563191853
