0.106757201317284 -0.0702951010911711 -0.0651268864295208 -0.053174563056343 0.0835932129924826 0.0317897525955466 0.0130855558883836 -0.118038740610357
-0.0702951010911711 0.118423912734528 0.113077444968931 0.0365133069486555 -0.039726992283298 0.00876220330225015 0.0750856931985947 0.0891330645538091
-0.0651268864295208 0.113077444968931 0.130571351236644 0.0218582817208529 -0.0530722732997739 0.0181366145449342 0.0622769144599209 0.0656768413118108
-0.053174563056343 0.0365133069486555 0.0218582817208529 0.136712078980919 -0.0918603621070321 -0.0534023022918196 0.000178185768790713 0.110143732733523
0.0835932129924826 -0.039726992283298 -0.0530722732997739 -0.0918603621070321 0.0170281293316247 0.0291039845330549 0.0320464827631046 -0.0939372020447892
0.0317897525955466 0.00876220330225015 0.0181366145449342 -0.0534023022918196 0.0291039845330549 0.00911994271329729 -0.0300745116312099 -0.0182761237997987
0.0130855558883836 0.0750856931985947 0.0622769144599209 0.000178185768790711 0.0320464827631046 -0.0300745116312099 0.135489836772879 -0.0224410399145087
-0.118038740610357 0.0891330645538091 0.0656768413118108 0.110143732733523 -0.0939372020447892 -0.0182761237997987 -0.0224410399145087 0.125606535263884
