0.10187396276223 -0.0992844768911774 -0.0527665946402745 -0.000378725916191223 0.0973920534622569 0.0430014246802858 0.102262352340233 -0.0910923195053687
-0.0992844768911774 0.126297683431073 0.0741988093339713 -0.00862307924555577 -0.100957837125483 0.0188673633206535 -0.123634213110905 0.101752150524946
-0.0527665946402745 0.0741988093339713 0.0781094286154593 -0.024998208722352 -0.0741766659546082 0.0199508428131742 -0.0239516310379525 0.0479102724725124
-0.000378725916191222 -0.00862307924555577 -0.024998208722352 0.0713578990717682 0.0239196391308144 -0.0341834401714419 -0.0469359514551633 0.0353575811754133
0.0973920534622569 -0.100957837125483 -0.0741766659546082 0.0239196391308144 0.0360733852160195 -0.00838689711449175 0.136139157083615 -0.0765707586247487
0.0430014246802858 0.0188673633206535 0.0199508428131742 -0.0341834401714419 -0.00838689711449175 0.038624088690342 -0.0288479602763418 -0.015577315413838
0.102262352340233 -0.123634213110905 -0.0239516310379525 -0.0469359514551633 0.136139157083615 -0.0288479602763418 0.345770244239398 -0.118214876846897
-0.0910923195053687 0.101752150524946 0.0479102724725124 0.0353575811754133 -0.0765707586247487 -0.015577315413838 -0.118214876846897 0.0878543326769126
