0.0523831930033027 -0.0419764263071763 -0.0774104300844298 -0.0145234007588545 0.102844313924129 0.0372650458692722 0.00897163689937489 -0.0692464369883447
-0.0419764263071763 0.091088338895982 0.0938273900282703 0.0218811342103047 -0.0435607660906561 -0.00596992254111266 0.0389221754279589 0.0879289923705625
-0.0774104300844298 0.0938273900282703 0.128620714759661 0.0329330418741153 -0.105202826967532 -0.0113690605082738 0.00897680316819767 0.119864202279001
-0.0145234007588545 0.0218811342103047 0.0329330418741153 0.060911076793331 -0.034622817943104 0.000251740914137054 -0.0205879480598394 0.0913978820074192
0.102844313924129 -0.0435607660906561 -0.105202826967532 -0.034622817943104 0.08216805591266 0.0246884788946866 0.0422564910012355 -0.10431574592999
0.0372650458692722 -0.00596992254111266 -0.0113690605082738 0.000251740914137054 0.0246884788946866 0.00579037785277278 -0.0374313419043762 -0.0204454136073863
0.00897163689937489 0.0389221754279589 0.00897680316819766 -0.0205879480598394 0.0422564910012355 -0.0374313419043762 0.0345869220553089 -0.0452701910990318
-0.0692464369883447 0.0879289923705625 0.119864202279001 0.0913978820074192 -0.10431574592999 -0.0204454136073863 -0.0452701910990318 0.175354609963916
