0.111975425936807 -0.0983502527568515 -0.08644415855067 -0.0116863178378884 0.0774903389174843 0.0277308153894789 0.051646215181879 -0.0750284764712317
-0.0983502527568515 0.151072135000509 0.163415822775214 0.00741392410780763 -0.0780806140373501 0.0377709355477633 -0.0219050249281786 0.0722630555304062
-0.08644415855067 0.163415822775214 0.132905779125246 -0.0258873534268919 -0.0671728237755514 0.0534151252621786 0.000497013112566239 0.0613604611403783
-0.0116863178378884 0.00741392410780763 -0.0258873534268919 0.160878044666285 -0.0241472524897476 -0.0481380895709194 -0.00756866708768946 0.0738471687636898
0.0774903389174843 -0.0780806140373501 -0.0671728237755514 -0.0241472524897476 -0.0133593924964183 -0.00787613856168222 0.113269079249648 -0.0415931174839209
0.0277308153894789 0.0377709355477633 0.0534151252621786 -0.0481380895709194 -0.00787613856168223 0.0161114184224355 -0.0237914280526448 -0.0162873255785295
0.051646215181879 -0.0219050249281786 0.000497013112566239 -0.00756866708768946 0.113269079249648 -0.0237914280526448 0.151949659555668 -0.0245437366248791
-0.0750284764712317 0.0722630555304062 0.0613604611403783 0.0738471687636898 -0.0415931174839209 -0.0162873255785295 -0.0245437366248791 0.0956062239521678
