0.0786478540907884 -0.0172851917774817 -0.0285381438208256 0.00302206115633906 0.0890874247613463 0.0578574261891585 0.0554698053462351 -0.0286455888512766
-0.0172851917774817 0.0613948710574867 0.090738659742665 0.0188742777437319 0.0238487207390105 -0.00634507630587394 0.10234695987806 0.0406151833918198
-0.0285381438208256 0.090738659742665 0.119537156379932 0.0224623320911181 0.0125874350669982 0.00882625199137165 0.126601021932939 0.0566129766157741
0.00302206115633906 0.0188742777437319 0.0224623320911181 0.0857736991301821 -0.016603273419315 -0.0107059921514853 0.0192621867827662 0.0711587490899666
0.0890874247613463 0.0238487207390105 0.0125874350669982 -0.016603273419315 0.0639254498260608 0.0567398033383274 0.134652163207957 -0.0100895834219717
0.0578574261891585 -0.00634507630587394 0.00882625199137165 -0.0107059921514853 0.0567398033383274 0.027541431509801 -0.0274707915325104 -0.0344621951921529
0.0554698053462351 0.10234695987806 0.126601021932939 0.0192621867827662 0.134652163207957 -0.0274707915325104 0.267810028459239 0.014463901557347
-0.0286455888512766 0.0406151833918198 0.0566129766157741 0.0711587490899666 -0.0100895834219717 -0.0344621951921529 0.014463901557347 0.0637595638581005
