0.0994624450298044 -0.11409818561681 -0.0848807582536289 -0.00604806026768901 0.0723234880920367 0.0424851827857843 -0.00389653287107319 -0.118754884716489
-0.11409818561681 0.190135898461566 0.153587516021873 0.0280661601772376 -0.0653512015366381 -0.0302253483803779 0.00260658375547558 0.150145844111136
-0.0848807582536289 0.153587516021873 0.171774173211272 0.0222647737595386 -0.0559407764998084 0.0150108413256399 0.0422206172169674 0.0973135780526383
-0.00604806026768901 0.0280661601772376 0.0222647737595386 0.154145840027868 -0.0128129614534843 -0.0372924529634603 -0.0172227654647505 0.107872126422457
0.0723234880920367 -0.0653512015366381 -0.0559407764998084 -0.0128129614534843 -0.0518118178305561 0.0194000223055985 0.0618416517696909 -0.0685448364233701
0.0424851827857843 -0.0302253483803779 0.0150108413256399 -0.0372924529634603 0.0194000223055985 0.00279515394290566 -0.0208481579176527 -0.0453126938737987
-0.00389653287107319 0.00260658375547558 0.0422206172169674 -0.0172227654647505 0.0618416517696909 -0.0208481579176527 0.141034716793265 0.0031559008271988
-0.118754884716489 0.150145844111136 0.0973135780526383 0.107872126422457 -0.0685448364233701 -0.0453126938737987 0.0031559008271988 0.177924816614209
