0.103807610227484 -0.0654761053761996 -0.0462930299660138 -0.00251808977598075 0.111379447031075 0.0681642084656647 -0.0475185748980436 -0.064317780051122
-0.0654761053761996 0.152495682020054 0.167890079373106 0.0248259178136181 -0.0388616260230963 -8.09934794222537e-05 0.1134302166019 0.137246429145926
-0.0462930299660138 0.167890079373106 0.177895063170736 0.0145608190235341 -0.0277524705830118 0.0138085563632047 0.16171155544746 0.144246226339996
-0.00251808977598075 0.0248259178136181 0.0145608190235341 0.0926101036366787 -0.0439304026761719 -0.0143870403551352 -0.0142952212260404 0.0518807041300381
0.111379447031075 -0.0388616260230963 -0.0277524705830118 -0.0439304026761719 0.0996386278441655 0.0712607588569734 0.0116402925432444 -0.057079071968084
0.0681642084656647 -8.09934794222538e-05 0.0138085563632047 -0.0143870403551352 0.0712607588569734 0.0274908969148674 -0.0420521531692807 -0.0158763672127651
-0.0475185748980436 0.1134302166019 0.16171155544746 -0.0142952212260404 0.0116402925432444 -0.0420521531692807 0.294630180489638 0.113507196293337
-0.064317780051122 0.137246429145926 0.144246226339996 0.0518807041300381 -0.057079071968084 -0.0158763672127651 0.113507196293337 0.131997634582598
