0.147309642728228 -0.104603871079466 -0.0884252777061973 -0.0325025133683438 0.145190970470728 0.057290431778907 -0.0178601156086377 -0.106574087517286
-0.104603871079466 0.130473363658973 0.100958879941887 0.0169987782077332 -0.0295258521961378 -0.0098912379447669 0.0392321176908427 0.0880171915730671
-0.0884252777061973 0.100958879941887 0.106861521688602 0.0319925398868125 -0.073348082869406 0.00279134535911443 0.096488997943082 0.0563992466835357
-0.0325025133683437 0.0169987782077332 0.0319925398868125 0.0972749759024702 -0.0664020065441649 -0.0328739618958981 0.0174850867826694 0.0275009941876014
0.145190970470728 -0.0295258521961378 -0.073348082869406 -0.0664020065441649 0.12283672879111 0.0867459429940758 -0.00989215320608129 -0.0457283833348257
0.057290431778907 -0.0098912379447669 0.00279134535911443 -0.0328739618958981 0.0867459429940758 0.00418517973833091 0.00474726682285798 -0.0158944766651918
-0.0178601156086377 0.0392321176908427 0.096488997943082 0.0174850867826694 -0.00989215320608129 0.00474726682285798 0.0539979727783562 0.0160689479371237
-0.106574087517286 0.0880171915730671 0.0563992466835356 0.0275009941876014 -0.0457283833348257 -0.0158944766651918 0.0160689479371237 0.072266696480714
