0.198073340148315 -0.100630958958508 -0.117280299024887 -0.113675844230748 0.231847679098479 0.117838577485905 0.0702243875291603 -0.247510073061262
-0.100630958958508 0.122647952477796 0.151719164512768 0.10778248570402 0.0154905078286991 0.0117849014473014 0.0929292715459938 0.140048746916192
-0.117280299024887 0.151719164512768 0.0689615597118635 0.0471893203191908 -0.0730998139239978 0.0264224995887466 0.0769459308153084 0.126965488092865
-0.113675844230748 0.10778248570402 0.0471893203191908 0.341038025928616 0.0455282077029176 -0.142910382693327 -0.080955511780382 0.241235558259873
0.231847679098479 0.0154905078286991 -0.0730998139239978 0.0455282077029176 0.216078054783124 0.0170465422748941 0.0924998333221625 -0.138938377360161
0.117838577485905 0.0117849014473014 0.0264224995887466 -0.142910382693327 0.0170465422748941 0.216711038281767 0.00587750433518744 -0.128472478677904
0.0702243875291603 0.0929292715459938 0.0769459308153084 -0.080955511780382 0.0924998333221626 0.00587750433518743 0.148899549419141 -0.129742876065065
-0.247510073061262 0.140048746916192 0.126965488092865 0.241235558259873 -0.138938377360161 -0.128472478677904 -0.129742876065065 0.254073852795621
