0.0778445224268356 -0.073362954584508 -0.0829157620612446 -0.0572892982459946 0.123425128338009 0.0325088988496584 -0.0153949366288831 -0.074033991681397
-0.073362954584508 0.107761985181624 0.128967050898485 0.0530593136222657 -0.066748879276717 0.0174937065711856 0.0569355078968035 0.0650211457488723
-0.0829157620612446 0.128967050898485 0.136843686880856 0.033490899466337 -0.0819510765575462 0.0109910036456037 0.102708923782709 0.0731922943987255
-0.0572892982459946 0.0530593136222657 0.033490899466337 0.147428908170058 -0.0669731307223072 -0.067882200970496 0.0818164110493798 0.0519400030985348
0.123425128338009 -0.066748879276717 -0.0819510765575462 -0.0669731307223072 0.075776000242533 0.0212858454623927 0.0495982474850027 -0.0962873534308531
0.0325088988496584 0.0174937065711856 0.0109910036456037 -0.067882200970496 0.0212858454623927 0.0356201224846444 -0.0798898789623711 0.00827849619951917
-0.0153949366288831 0.0569355078968035 0.102708923782709 0.0818164110493798 0.0495982474850027 -0.0798898789623711 0.244953552772391 0.0027229598955334
-0.074033991681397 0.0650211457488723 0.0731922943987255 0.0519400030985348 -0.0962873534308531 0.00827849619951917 0.0027229598955334 0.08133464775557
