0.0548145672234013 -0.0333745363852973 -0.0452292847307522 -0.0210316267933175 0.0734020328278154 0.0512305318437186 -0.0120968950956167 -0.0270139717180513
-0.0333745363852973 0.0922578178866203 0.110814217425647 0.0132669082165133 0.0227757579417379 0.0070403075656007 0.117001460376111 0.0127540106344992
-0.0452292847307522 0.110814217425647 0.117366234301518 0.0272895009816739 -0.00198015376347618 -0.0124181569863386 0.1608256637131 0.0108533016770044
-0.0210316267933175 0.0132669082165133 0.0272895009816739 0.0948602069989859 -0.0251055030519365 -0.0315282836817121 0.0547753983570986 0.0312755673596087
0.0734020328278154 0.0227757579417379 -0.00198015376347618 -0.0251055030519365 0.00611162052009809 0.0506570542180216 0.0808986231897254 -0.0238070852059338
0.0512305318437186 0.0070403075656007 -0.0124181569863386 -0.0315282836817121 0.0506570542180216 0.0483472977862596 -0.0397558560999299 0.0117109773508116
-0.0120968950956167 0.117001460376111 0.1608256637131 0.0547753983570986 0.0808986231897254 -0.0397558560999299 0.243871270425475 -0.0177304595050966
-0.0270139717180513 0.0127540106344992 0.0108533016770044 0.0312755673596087 -0.0238070852059338 0.0117109773508116 -0.0177304595050966 0.0189872598135243
