0.0571826660749912 -0.054541650491485 -0.0573951737666955 -0.026201341398715 0.0792901259789329 0.0383161062553105 -0.00742860386854507 -0.0634343791926123
-0.054541650491485 0.0923627487591024 0.135760630050703 0.0168362607218118 -0.0427198682052608 -0.00427660887739039 0.0533957952018192 0.0799986950439413
-0.0573951737666955 0.135760630050703 0.183218926926056 -0.0157903548309151 -0.0597697742754881 -0.00729243852265858 0.135481786742701 0.0816258230083928
-0.026201341398715 0.0168362607218118 -0.0157903548309151 0.0956457222051585 -0.0306668361858495 -0.0637712746962161 0.00313896863498745 0.080211679696749
0.0792901259789329 -0.0427198682052608 -0.0597697742754881 -0.0306668361858495 0.00903067639515304 0.000923857937474885 0.0692249712994469 -0.074528846387929
0.0383161062553105 -0.00427660887739039 -0.00729243852265858 -0.0637712746962161 0.000923857937474889 0.0298189165472953 -0.0983994560767663 -0.0337199288384401
-0.00742860386854507 0.0533957952018192 0.135481786742701 0.00313896863498745 0.0692249712994469 -0.0983994560767663 0.256386549590651 0.0196221600049286
-0.0634343791926123 0.0799986950439413 0.0816258230083928 0.080211679696749 -0.074528846387929 -0.0337199288384401 0.0196221600049286 0.0750577756699566
