0.140761276890099 -0.0937280138116159 -0.0834552670675559 -0.0769844461107879 0.0935994246119459 0.0783296066107884 0.0335916871565765 -0.0795115736147925
-0.0937280138116159 0.146942140901753 0.111928674475848 0.0136553826360704 -0.00808784385604945 0.00296482003226789 -0.00677937406661341 0.0773198461882542
-0.0834552670675559 0.111928674475848 0.105012433480892 0.0154021387779357 -0.0688028058637258 0.0138335587647934 0.0477531466633733 0.0502035372967565
-0.0769844461107879 0.0136553826360704 0.0154021387779357 0.087018295459427 -0.0494078843190097 -0.0637002554081814 -0.00620932994356647 0.0505724264665796
0.0935994246119459 -0.00808784385604945 -0.0688028058637258 -0.0494078843190097 0.0201337029815515 0.0441558564780357 0.0590455495633568 -0.0358270304138007
0.0783296066107884 0.0029648200322679 0.0138335587647934 -0.0637002554081814 0.0441558564780357 0.0239804773892176 0.017109537255084 -0.0285153141285012
0.0335916871565765 -0.00677937406661341 0.0477531466633734 -0.00620932994356647 0.0590455495633568 0.017109537255084 0.104345808653126 -0.0333744778070467
-0.0795115736147925 0.0773198461882542 0.0502035372967565 0.0505724264665796 -0.0358270304138007 -0.0285153141285012 -0.0333744778070467 0.0672012376337797
