0.0598050508895676 -0.0711800870526411 -0.0473587475984091 -0.0455258858264058 0.0528777021120287 0.0472673647427928 0.0134644776832426 -0.0885621779200636
-0.0711800870526411 0.185183497672983 0.125774720557547 0.0506798158534072 -0.0361545253184085 0.000524985111543946 0.085504289069285 0.139214367734602
-0.0473587475984091 0.125774720557547 0.160875950627882 0.0184931836199715 -0.0445580186084183 -0.00955988405549056 0.154901499541675 0.0904121889954833
-0.0455258858264058 0.0506798158534072 0.0184931836199715 0.0585705895934286 -0.00826667248874531 -0.0250863275170831 -0.0216156015706517 0.0812703193233861
0.0528777021120287 -0.0361545253184085 -0.0445580186084183 -0.00826667248874532 -0.0680688722056144 0.018477875518987 0.00106879572153952 -0.0387299481904968
0.0472673647427928 0.000524985111543952 -0.00955988405549057 -0.0250863275170831 0.018477875518987 0.0252564823141293 -0.0384825303836669 -0.0361207130547303
0.0134644776832426 0.085504289069285 0.154901499541675 -0.0216156015706517 0.00106879572153952 -0.0384825303836669 0.221816521545536 -0.00380013902415686
-0.0885621779200636 0.139214367734602 0.0904121889954833 0.0812703193233861 -0.0387299481904968 -0.0361207130547303 -0.00380013902415686 0.14611738873581
