0.0980051027003663 -0.0809476117666984 -0.063035284581958 -0.0625271769616714 0.0820647009008649 0.0569784227680408 0.031045786088558 -0.124435897633106
-0.0809476117666984 0.110233843586944 0.105675414197882 0.017508883706444 -0.0246097050109956 -0.0042459188297144 -0.00690008008456571 0.118879276943509
-0.063035284581958 0.105675414197882 0.1575247423792 -0.0250345518222764 -0.0139486651146219 0.0180090586546834 0.10714785141065 0.0566845337431696
-0.0625271769616714 0.017508883706444 -0.0250345518222764 0.144650812274283 -0.0902429146842618 -0.0626894642163423 -0.0834175260774107 0.152455210728631
0.0820647009008649 -0.0246097050109956 -0.0139486651146219 -0.0902429146842618 0.0569273104564154 0.0662550441792855 0.0677831177029401 -0.104431860142938
0.0569784227680408 -0.00424591882971439 0.0180090586546834 -0.0626894642163423 0.0662550441792855 0.0133354563367249 0.0373552935708064 -0.0584632657336537
0.031045786088558 -0.00690008008456573 0.10714785141065 -0.0834175260774107 0.0677831177029401 0.0373552935708064 0.116574084458059 -0.0936105162926788
-0.124435897633106 0.118879276943509 0.0566845337431696 0.152455210728631 -0.104431860142938 -0.0584632657336537 -0.0936105162926788 0.22840458974866
