0.135584056352961 -0.0585265659503702 -0.04411321069429 -0.0822083252539191 0.141045018882938 0.0621719158620374 -0.000512977142652439 -0.100014417353248
-0.0585265659503702 0.109826947328476 0.121559865100938 -0.0348818930762277 -0.0080589422499218 0.0179088827672621 0.129237449053018 0.0478770309986402
-0.0441132106942899 0.121559865100938 0.116473364364466 -0.0515100736848197 -0.00282310299612746 0.0101703057268235 0.149231170024816 0.0391624477044345
-0.0822083252539191 -0.0348818930762277 -0.0515100736848197 0.171893499434881 -0.099826024336558 -0.0927772705572571 -0.0763912561165205 0.0668935566599651
0.141045018882938 -0.0080589422499218 -0.00282310299612746 -0.099826024336558 0.0626522333163668 0.0763925422626937 0.02769122488672 -0.0966625349199177
0.0621719158620374 0.0179088827672621 0.0101703057268235 -0.0927772705572571 0.0763925422626937 0.0545242402283337 -0.0471754022213618 -0.0255478865401088
-0.000512977142652436 0.129237449053018 0.149231170024816 -0.0763912561165205 0.02769122488672 -0.0471754022213618 0.291775005204446 0.0263891713488616
-0.100014417353248 0.0478770309986402 0.0391624477044345 0.0668935566599651 -0.0966625349199177 -0.0255478865401088 0.0263891713488616 0.0767548708229428
