0.073653738487394 -0.0847007542496559 -0.105161330510295 -0.0251079389811755 0.106642793736741 0.0103522725034675 0.0188825896948429 -0.0607953359770817
-0.0847007542496559 0.154935382357159 0.150894925524938 0.0486471668947576 -0.0322626939869461 -0.0118668479890677 0.0400688362103157 0.0780107923768938
-0.105161330510295 0.150894925524938 0.205361033633058 0.00896604776529855 -0.0751226130808754 0.0106158539958834 0.073943729611543 0.0688845821548131
-0.0251079389811755 0.0486471668947576 0.00896604776529855 0.109233487570434 -0.0342327192938621 -0.0352705534081828 -0.0270571262895263 0.04518367278275
0.106642793736741 -0.0322626939869461 -0.0751226130808754 -0.0342327192938621 0.0667627067517589 -0.000823901914625049 0.113513005868761 -0.0719975150364446
0.0103522725034675 -0.0118668479890677 0.0106158539958834 -0.0352705534081828 -0.000823901914625048 -0.0149071597266791 -0.00479428217549317 0.00653640246931514
0.0188825896948429 0.0400688362103157 0.073943729611543 -0.0270571262895263 0.113513005868761 -0.00479428217549317 0.0672796211600595 -0.0298742305478015
-0.0607953359770818 0.0780107923768938 0.0688845821548131 0.04518367278275 -0.0719975150364446 0.00653640246931514 -0.0298742305478015 0.0759760228837306
