0.0680384422833746 -0.0533373364366759 -0.0266026145455668 -0.00840487856678535 0.0235484645992272 0.0543012299373681 0.00996558278015513 -0.0454321263010611
-0.0533373364366759 0.0906615037288893 0.0810262667927023 0.00915291663518938 -0.0192486026242856 0.0191171153001119 0.0173955056469724 0.0667255236831147
-0.0266026145455668 0.0810262667927023 0.0997281012703485 -0.0299161932732092 -0.019332845731284 -0.016968894991461 0.0449059945128878 0.0622650862766931
-0.00840487856678535 0.00915291663518938 -0.0299161932732092 0.0335113333031543 0.0214378844567479 0.00897194562524213 0.00798550974978701 0.0201455639836112
0.0235484645992272 -0.0192486026242856 -0.019332845731284 0.0214378844567479 -0.0619637752049711 0.0176308066358571 0.0431418031484955 0.00815383436310135
0.054301229937368 0.0191171153001119 -0.016968894991461 0.00897194562524213 0.0176308066358571 0.0600977448555496 -0.00774891858330661 -0.0104841856672988
0.00996558278015513 0.0173955056469724 0.0449059945128877 0.00798550974978701 0.0431418031484955 -0.00774891858330661 0.0460115762777809 0.015707978436434
-0.0454321263010611 0.0667255236831147 0.0622650862766931 0.0201455639836112 0.00815383436310135 -0.0104841856672988 0.015707978436434 0.0422528846136953
