0.129400349298587 -0.0703886876237399 -0.0677697705644457 -0.0337154518410849 0.0708330149580132 0.0585851009191404 0.0726111360830691 -0.0829145607344725
-0.0703886876237399 0.0664783854287678 0.090713754234437 0.0299738085179298 -0.0257683015953124 0.00925498580660348 -0.00861660149431276 0.0614517808090182
-0.0677697705644457 0.090713754234437 0.132118091105147 0.0253345437361864 -0.00413501066044497 0.0392106799559185 0.00280039898539742 0.0312268319369513
-0.0337154518410849 0.0299738085179298 0.0253345437361864 0.0842443527618638 0.069385583134839 -0.0254207591579131 0.118721214226108 0.0467168829102034
0.0708330149580132 -0.0257683015953124 -0.00413501066044496 0.069385583134839 0.0728463023438935 0.0381963722442518 0.275622358684324 -0.0268247370073038
0.0585851009191404 0.00925498580660348 0.0392106799559185 -0.0254207591579131 0.0381963722442518 0.0220885333150765 -0.00808216498629503 -0.00303758685041853
0.0726111360830691 -0.00861660149431276 0.00280039898539741 0.118721214226108 0.275622358684324 -0.00808216498629503 0.41315159124321 -0.0624976292283047
-0.0829145607344724 0.0614517808090182 0.0312268319369513 0.0467168829102034 -0.0268247370073038 -0.00303758685041853 -0.0624976292283047 0.0971782880737152
