0.0421501058813866 -0.0470896898955387 -0.0543440147583524 -0.00922721592592205 0.0212131798472167 0.0300677685492147 -0.0390721521086686 -0.00583528488778959
-0.0470896898955387 0.107484484982828 0.168740259757038 -0.0107510281629125 -0.00611161914948204 0.0136351746524227 0.134350234077513 -0.00653322664600963
-0.0543440147583524 0.168740259757038 0.273415299566789 -0.0436354963132693 -0.0235074366339447 0.0365431613452301 0.256491528283124 -0.0391355981749077
-0.00922721592592205 -0.0107510281629125 -0.0436354963132693 0.0965872435797105 0.00624328271419284 -0.00932194467770339 -0.0456703720904207 0.064056119765473
0.0212131798472167 -0.00611161914948204 -0.0235074366339447 0.00624328271419284 -0.0561459612136001 0.0300760197352987 -0.0121458104121336 0.000909416915676745
0.0300677685492147 0.0136351746524227 0.0365431613452301 -0.00932194467770338 0.0300760197352987 -0.0101145759305698 0.0109583153666001 -0.0211100769466235
-0.0390721521086686 0.134350234077513 0.256491528283124 -0.0456703720904206 -0.0121458104121336 0.0109583153666001 0.189987316454123 -0.0623970864298819
-0.00583528488778959 -0.00653322664600963 -0.0391355981749077 0.064056119765473 0.000909416915676746 -0.0211100769466235 -0.0623970864298819 0.05619154620664
