0.0439609976760883 -0.0338361183647581 -0.0638728034714242 0.00470282714382212 0.0502926564590038 0.0126868268302117 -0.0167253381673459 -0.0356055335706666
-0.0338361183647581 0.0651016044057421 0.0873461688386872 0.0190360587098701 -0.0291831722080916 -0.0105959489910726 0.0670192271990333 0.0410855543604401
-0.0638728034714242 0.0873461688386872 0.147039472705111 -0.0257003897522883 -0.0550060786544721 -0.000808644460076547 0.127215250285758 0.0452551420102242
0.00470282714382212 0.0190360587098701 -0.0257003897522883 0.114086052645419 -0.0412204534640244 0.000129502333715146 -0.0247334984687445 0.0498003567482352
0.0502926564590038 -0.0291831722080916 -0.0550060786544721 -0.0412204534640244 -0.0211864927614013 0.0109073399428618 -0.0211579788623219 -0.025408455536068
0.0126868268302117 -0.0105959489910726 -0.000808644460076546 0.000129502333715144 0.0109073399428618 -0.019107297171581 -0.02919756225399 0.00451143133448412
-0.0167253381673459 0.0670192271990333 0.127215250285758 -0.0247334984687445 -0.0211579788623219 -0.02919756225399 0.167253405635423 -0.0202332451423715
-0.0356055335706666 0.0410855543604401 0.0452551420102242 0.0498003567482353 -0.025408455536068 0.00451143133448412 -0.0202332451423715 0.0433306956689853
