0.15483825564111 -0.0879338414923342 -0.0755128382985679 -0.11035080090989 0.132357761017058 0.0850431149024254 0.0655790620611904 -0.141300431272625
-0.0879338414923342 0.102087590996752 0.110009101819965 0.0448980520005591 -0.0167584742220072 -0.0117824435349808 0.0145161843121224 0.0940078059404524
-0.0755128382985679 0.110009101819965 0.124596672736858 0.00930233149746957 -0.0117679238026365 -0.0146649725448353 0.0626489660148983 0.0638771187110705
-0.11035080090989 0.0448980520005591 0.00930233149746957 0.133451335424078 -0.105171044391223 -0.053206472466829 -0.0786495422178762 0.14221210373573
0.132357761017058 -0.0167584742220072 -0.0117679238026365 -0.105171044391223 0.0830182501510881 0.0720686910706711 0.082257048023496 -0.0907527218299063
0.0850431149024254 -0.0117824435349808 -0.0146649725448353 -0.053206472466829 0.0720686910706711 0.0118930977310207 0.0239519323607807 -0.043702141202324
0.0655790620611904 0.0145161843121224 0.0626489660148983 -0.0786495422178762 0.082257048023496 0.0239519323607807 0.100080363565609 -0.0855621940006064
-0.141300431272625 0.0940078059404524 0.0638771187110705 0.14221210373573 -0.0907527218299063 -0.043702141202324 -0.0855621940006064 0.154778016320456
