0.111294002631045 -0.10998227239485 -0.0690138029452863 -0.079767844699262 0.093055606699655 0.0868770637925158 0.0734857805260325 -0.105736094950275
-0.10998227239485 0.164048189253044 0.0787857192384059 0.0892225064046127 -0.0565427975800085 -0.05610358129903 -0.0493865943365404 0.112511728177048
-0.0690138029452863 0.0787857192384059 0.0655131704210221 0.0522746725195823 -0.0631670859530471 -0.0226729605373231 0.00341872944896247 0.0755543067240066
-0.079767844699262 0.0892225064046127 0.0522746725195823 0.101579758852485 -0.0583206766488712 -0.080820235144814 -0.025052578463743 0.0947491446876966
0.093055606699655 -0.0565427975800085 -0.0631670859530471 -0.0583206766488712 0.0156982196534256 0.0491416163606294 0.0322691631629434 -0.0754012030804077
0.0868770637925158 -0.05610358129903 -0.0226729605373231 -0.080820235144814 0.0491416163606294 0.0353574295776149 0.0473142469068629 -0.0695936523427418
0.0734857805260325 -0.0493865943365404 0.00341872944896246 -0.025052578463743 0.0322691631629434 0.0473142469068629 0.215966149027148 -0.0824838330861097
-0.105736094950275 0.112511728177048 0.0755543067240066 0.0947491446876966 -0.0754012030804077 -0.0695936523427418 -0.0824838330861097 0.0842217103982729
