0.0627248937796445 -0.0501966812442017 -0.0312643660482982 0.00567432373470521 0.101594785448584 0.0459299354392257 0.0742770602845088 -0.0476666097439764
-0.0501966812442017 0.0828006922305757 0.0704923271083135 -0.0193912784855014 -0.0478649527262649 -0.00461238673358181 -0.0389527633381173 0.0413671358904244
-0.0312643660482982 0.0704923271083135 0.0561843038184976 -0.0117595972118156 -0.0374476704896219 0.00409411863795403 0.0148229336713561 0.0357526523213707
0.00567432373470521 -0.0193912784855014 -0.0117595972118156 0.0210005464864112 0.00657673749292026 0.00504076169774021 0.0174625340305766 -0.00765322010142685
0.101594785448584 -0.047864952726265 -0.0374476704896219 0.00657673749292026 0.0828216870381621 0.0466829790539669 0.106950988857816 -0.0633749729165539
0.0459299354392257 -0.00461238673358181 0.00409411863795402 0.00504076169774021 0.0466829790539669 -0.0143983183864842 0.0422942571819325 -0.0157142335130443
0.0742770602845088 -0.0389527633381173 0.0148229336713561 0.0174625340305766 0.106950988857816 0.0422942571819325 0.140776363418043 -0.0459782694845203
-0.0476666097439764 0.0413671358904244 0.0357526523213707 -0.00765322010142685 -0.0633749729165539 -0.0157142335130443 -0.0459782694845203 0.00860903006090258
