0.0758279109141576 -0.042337679110543 -0.0601524773582464 -0.0299673835856245 0.0558363937208593 0.041660442468038 0.00476415373840624 -0.0570221466283913
-0.042337679110543 0.0564929711168081 0.0776516069796865 0.0223938243568545 -0.0116714733740503 0.0177651329651531 0.00143324986092017 0.0460292096991692
-0.0601524773582464 0.0776516069796865 0.107993863686444 -0.000101694123018106 -0.0506885186684862 0.00720853008046162 0.0101707015941027 0.0520994239923588
-0.0299673835856245 0.0223938243568545 -0.00010169412301811 0.194005944591423 -0.0089658165897628 -0.0529131583337726 -0.0246966786286639 0.104891975939499
0.0558363937208593 -0.0116714733740503 -0.0506885186684862 -0.0089658165897628 -0.00833087494811805 0.0156419800524681 0.0702446053750514 -0.021881183850423
0.041660442468038 0.0177651329651531 0.00720853008046162 -0.0529131583337726 0.0156419800524681 0.00656365005782907 -0.0282996344510381 -0.029168838206812
0.00476415373840625 0.00143324986092017 0.0101707015941027 -0.0246966786286639 0.0702446053750514 -0.0282996344510381 0.0433419929681481 0.00811011283944519
-0.0570221466283913 0.0460292096991692 0.0520994239923589 0.104891975939499 -0.021881183850423 -0.029168838206812 0.00811011283944519 0.0850714957626802
