0.0571685761544205 -0.0458110458838012 -0.0438766872442015 -0.0519967108475971 0.0950505538695188 0.0366820249509898 0.0484693048519937 -0.0711940268206699
-0.0458110458838012 0.0459208518287754 0.0877879253430915 0.0177628584881252 -0.0630921606511271 0.00464799301646187 -0.00881109469771667 0.0481109635003984
-0.0438766872442015 0.0877879253430915 0.0988224802418049 0.00205568014003639 -0.0912062446616369 0.0349512961717217 -0.0230442251716243 0.0503695087008479
-0.0519967108475971 0.0177628584881252 0.00205568014003639 0.11591435839114 -0.043547075414274 -0.0667520309013372 -0.0186777200173288 0.0763246729826692
0.0950505538695188 -0.0630921606511271 -0.0912062446616369 -0.043547075414274 0.0712157980803036 -0.00267481693131023 0.126501408654156 -0.0839308824405888
0.0366820249509898 0.00464799301646187 0.0349512961717217 -0.0667520309013372 -0.00267481693131024 0.00906963871188706 -0.00740558077332572 -0.0206882565118607
0.0484693048519937 -0.00881109469771667 -0.0230442251716243 -0.0186777200173288 0.126501408654156 -0.00740558077332572 0.027381398847487 -0.0699409085478387
-0.0711940268206699 0.0481109635003984 0.0503695087008479 0.0763246729826692 -0.0839308824405888 -0.0206882565118607 -0.0699409085478387 0.0895473487287132
