0.0407513056764197 -0.0454550438287955 -0.0460490571301665 -0.034138634068696 0.062241081460543 0.0368204929665791 -0.0259375354948842 -0.0468605469037904
-0.0454550438287955 0.0812931550936831 0.0847419707099423 0.0155501156313291 -0.0266221195043744 -0.00941910535665966 0.0690327592254062 0.0337382819041892
-0.0460490571301665 0.0847419707099423 0.092769891281189 -0.0296405799790942 -0.0171753130105141 -0.00211011073026303 0.112605958226021 0.0296530863793906
-0.034138634068696 0.0155501156313291 -0.0296405799790942 0.144221563856434 -0.127480147656617 -0.0545846129139899 -0.022894580149989 0.0817864114094683
0.062241081460543 -0.0266221195043744 -0.0171753130105141 -0.127480147656617 0.129408371520753 0.0477549698281084 0.0181530040927307 -0.0626196488323128
0.0368204929665791 -0.00941910535665967 -0.00211011073026304 -0.0545846129139899 0.0477549698281084 -0.011448697795964 -0.0135496208484463 -0.0490644247730551
-0.0259375354948842 0.0690327592254062 0.112605958226021 -0.022894580149989 0.0181530040927307 -0.0135496208484463 0.0754166143131621 0.0180860416412585
-0.0468605469037904 0.0337382819041892 0.0296530863793906 0.0817864114094683 -0.0626196488323128 -0.0490644247730551 0.0180860416412585 0.0689783300700518
