0.083534206876172 -0.0564907127503087 -0.0120458026364642 -0.071076779148745 0.0849686704658216 0.0474572774488482 0.0520865698383642 -0.112866628966678
-0.0564907127503087 0.107499790323658 0.0632456512036955 0.0109058165722368 -0.0435021959842249 0.00510653667299601 -0.0118492936414434 0.0704179043417348
-0.0120458026364642 0.0632456512036955 0.0860119228233906 -0.00392033183618604 -0.0285085012988448 0.028634443058293 0.050015019365168 0.0256833678325002
-0.071076779148745 0.0109058165722368 -0.00392033183618604 0.124824946794024 -0.0502623109093671 -0.0589986398735137 -0.0134320010572 0.103778473687493
0.0849686704658216 -0.0435021959842249 -0.0285085012988448 -0.0502623109093671 0.0075643934822172 0.048800126986416 0.0553344865456235 -0.0793853274456786
0.0474572774488482 0.00510653667299601 0.028634443058293 -0.0589986398735137 0.0488001269864159 -0.00472272547294307 0.0402925075853956 -0.0367477456720066
0.0520865698383642 -0.0118492936414434 0.050015019365168 -0.0134320010572 0.0553344865456235 0.0402925075853956 0.103504659010582 -0.0738864685307242
-0.112866628966678 0.0704179043417348 0.0256833678325002 0.103778473687493 -0.0793853274456786 -0.0367477456720066 -0.0738864685307242 0.144755043030677
