0.0754571714916571 -0.105633518784177 -0.0610948649846249 0.0201612182397734 0.0962413920105216 0.011233336333921 0.0808884461352286 -0.0612536392776065
-0.105633518784177 0.163343478056752 0.10811232938759 -0.0307665855635226 -0.0766086835682454 0.0237350234965485 -0.0826528527836561 0.101590582258565
-0.0610948649846249 0.10811232938759 0.101036402157495 -0.0540090969427964 -0.0364275191355075 0.0219609954103603 0.0202265570032304 0.0367894406877104
0.0201612182397734 -0.0307665855635226 -0.0540090969427964 0.0982340542561786 0.0344049252343915 -0.0238727596431833 0.00236079928313045 0.0283739248578461
0.0962413920105216 -0.0766086835682454 -0.0364275191355075 0.0344049252343915 0.00631100528479798 0.0444213221618709 0.134243273801741 -0.0446630006223099
0.011233336333921 0.0237350234965485 0.0219609954103603 -0.0238727596431833 0.0444213221618709 -0.00032612109958645 -0.0126389492479458 0.00554708537495948
0.0808884461352286 -0.0826528527836561 0.0202265570032304 0.00236079928313045 0.134243273801741 -0.0126389492479458 0.205736779583674 -0.073431423430836
-0.0612536392776065 0.101590582258565 0.0367894406877104 0.0283739248578461 -0.0446630006223099 0.00554708537495948 -0.073431423430836 0.0620753118379828
