0.0713855408358633 -0.0598014115823333 -0.0691885863302111 -0.0562363356064103 0.0405552907007159 0.0481918623077984 -0.0272869043990181 -0.0519228832669443
-0.0598014115823333 0.119730124865836 0.156120334962137 0.0531985868711053 -0.0268847246328625 0.0087624766072956 0.0572695470664368 0.0570978053216369
-0.0691885863302111 0.156120334962137 0.163236093499852 0.0400586465749869 -0.0167400086175367 0.00642073967668636 0.133788387127659 0.0608473372913972
-0.0562363356064103 0.0531985868711053 0.0400586465749869 0.106070932674641 -0.00848559518421524 -0.0429777553340207 0.0199639462925111 0.0691078402156938
0.0405552907007159 -0.0268847246328625 -0.0167400086175367 -0.00848559518421524 -0.0407097909384549 -0.0053146974604555 0.125789118634062 -0.018440977863324
0.0481918623077984 0.0087624766072956 0.00642073967668636 -0.0429777553340207 -0.00531469746045551 -0.00768457439983114 -0.0454090034120832 -0.025501547779141
-0.0272869043990181 0.0572695470664368 0.133788387127659 0.0199639462925111 0.125789118634062 -0.0454090034120832 0.364818479901103 -0.0426253583985625
-0.0519228832669443 0.0570978053216369 0.0608473372913972 0.0691078402156938 -0.018440977863324 -0.025501547779141 -0.0426253583985625 0.07906344011679
