0.0292602270348149 -0.0157975745388283 -0.0125095097654326 -0.00990769614647687 0.0572689092845152 0.0181103139182793 0.0124381084285692 -0.0340186066150453
-0.0157975745388283 0.0532296044871228 0.0441419822764695 0.0117811989576367 0.00638103430529353 -0.00175822337751265 0.0362119855199578 0.0279847550007026
-0.0125095097654326 0.0441419822764695 0.0759004271069252 -0.0260527757245295 -0.0352095070283682 0.0335045052394842 0.0490808332597158 0.0315528908664216
-0.00990769614647687 0.0117811989576367 -0.0260527757245295 0.066053571154947 -0.00245201712584369 -0.0487917474222086 -0.0118737892522109 0.0529466715521431
0.0572689092845152 0.00638103430529353 -0.0352095070283682 -0.00245201712584369 0.0328152296007213 -0.00507381789776248 0.0771654057036836 -0.0312975326569256
0.0181103139182793 -0.00175822337751265 0.0335045052394842 -0.0487917474222086 -0.00507381789776248 -0.000437863804704456 -0.0267455015934405 -0.0251650995242818
0.0124381084285692 0.0362119855199578 0.0490808332597158 -0.0118737892522109 0.0771654057036836 -0.0267455015934405 0.103716280587399 0.000241123523628964
-0.0340186066150453 0.0279847550007026 0.0315528908664216 0.0529466715521431 -0.0312975326569256 -0.0251650995242818 0.000241123523628958 0.0808319389526339
