0.103779984321585 -0.0739759788557975 -0.0488229027027407 -0.088066170852356 0.100470844106087 0.0858960204483685 0.0589549550973727 -0.132300599900723
-0.0739759788557975 0.0947790268840279 0.0946463206114741 0.050255651790623 -0.0479944745377036 -0.0142569789987245 -0.0462430915240246 0.100302794463135
-0.0488229027027407 0.0946463206114741 0.101974596253507 0.026409907999277 -0.034265697461559 -0.00831755295991658 0.0120274511665227 0.0694494715378561
-0.088066170852356 0.050255651790623 0.026409907999277 0.0923728222551579 -0.0674114455463333 -0.0634188991211279 -0.05889660076478 0.126984980205404
0.100470844106087 -0.0479944745377036 -0.034265697461559 -0.0674114455463333 0.0390032096480553 0.0913177760031158 0.0472687946402432 -0.140474494278294
0.0858960204483685 -0.0142569789987245 -0.00831755295991659 -0.0634188991211279 0.0913177760031158 0.0678506931287594 -0.0319218993413217 -0.0911500542266348
0.0589549550973727 -0.0462430915240246 0.0120274511665227 -0.05889660076478 0.0472687946402432 -0.0319218993413217 0.250184492467298 -0.0888987418198145
-0.132300599900723 0.100302794463135 0.0694494715378561 0.126984980205404 -0.140474494278294 -0.0911500542266348 -0.0888987418198145 0.177734276220116
