0.0278475935909445 -0.0410699729903719 -0.0428350607749204 -0.0348463604675165 0.0458133787007667 0.022840253088259 -0.00554763024447964 -0.055420331857861
-0.0410699729903719 0.0985591950896533 0.0929979635234248 -0.00267696699788086 -0.0376812766594274 0.02803132278978 0.0229822101301966 0.0739146983502888
-0.0428350607749204 0.0929979635234248 0.08702023042682 0.00105830678748957 -0.0445817897077316 0.00924960728294833 0.0280783347460366 0.076917303215795
-0.0348463604675165 -0.00267696699788086 0.00105830678748957 0.128711967126568 -0.0319651725031241 -0.0701922712531439 0.0042887277449088 0.0685178467932795
0.0458133787007667 -0.0376812766594274 -0.0445817897077316 -0.0319651725031241 -0.0257729721317703 0.0155850113866644 0.0189046994884792 -0.0224661339045404
0.022840253088259 0.02803132278978 0.00924960728294833 -0.0701922712531439 0.0155850113866644 0.0310426146374443 -0.0473840305274456 -0.0172781780469664
-0.00554763024447964 0.0229822101301966 0.0280783347460366 0.0042887277449088 0.0189046994884792 -0.0473840305274456 0.108398669442296 -0.0242174747187876
-0.055420331857861 0.0739146983502888 0.076917303215795 0.0685178467932795 -0.0224661339045404 -0.0172781780469664 -0.0242174747187876 0.118306002765159
