0.048083657844422 -0.0463812119582547 -0.021352397394146 -0.0339523032574248 0.0485763170195346 0.00286414204177946 0.066313273917806 -0.0745656580371139
-0.0463812119582547 0.0537407783986278 0.0451003922084041 0.0178179495243943 -0.0484436753551903 0.0219930808068433 -0.0658794957928275 0.0878221393587998
-0.021352397394146 0.0451003922084041 0.0452031551842303 -0.0115428220267247 -0.00404407214660554 0.0175248879681167 0.00873355566643191 0.0461433022705589
-0.0339523032574248 0.0178179495243943 -0.0115428220267247 0.0721594745844362 -0.036318187116426 -0.00329696799966553 -0.0314837167835324 0.0443454762451394
0.0485763170195346 -0.0484436753551903 -0.00404407214660553 -0.036318187116426 -0.00469558882689601 -0.0132675778653842 0.123140544790115 -0.0684598645082394
0.00286414204177946 0.0219930808068433 0.0175248879681167 -0.00329696799966553 -0.0132675778653842 0.0287875149702067 -0.047442223653086 0.03847961558615
0.066313273917806 -0.0658794957928275 0.00873355566643192 -0.0314837167835324 0.123140544790115 -0.047442223653086 0.165200829394077 -0.106320637393713
-0.0745656580371139 0.0878221393587998 0.0461433022705589 0.0443454762451394 -0.0684598645082394 0.03847961558615 -0.106320637393713 0.10385773869709
