0.0734158873863549 -0.0503669384932382 -0.0142572731124326 -0.0109269493530244 0.0912361355010885 0.0220063614702504 0.121814389618613 -0.0426864237562796
-0.0503669384932382 0.173134285264959 0.0924015729326465 -0.0221779828410302 0.0213106131789486 -0.00436074125655697 -0.0198488654482323 0.0963012034714686
-0.0142572731124326 0.0924015729326465 0.0348514403927261 -0.0404991953326691 0.0266343805832002 0.00113920173070105 0.0373076626048346 0.0152630977611668
-0.0109269493530244 -0.0221779828410302 -0.0404991953326691 0.0875200716349407 -0.0464514325506054 -0.0224305563766572 -0.0244693872913049 0.072348337971943
0.0912361355010885 0.0213106131789486 0.0266343805832001 -0.0464514325506054 0.0434291477406736 -0.00363850916905717 0.166271152025382 -0.0285712564715437
0.0220063614702504 -0.00436074125655697 0.00113920173070104 -0.0224305563766572 -0.00363850916905717 -0.00547106178837391 0.00300899892394121 0.00409360066166564
0.121814389618613 -0.0198488654482323 0.0373076626048346 -0.0244693872913049 0.166271152025382 0.00300899892394121 0.285257049252847 -0.0649420339364991
-0.0426864237562796 0.0963012034714686 0.0152630977611668 0.072348337971943 -0.0285712564715437 0.00409360066166564 -0.0649420339364991 0.0811174505977071
