0.0575505641155994 -0.057499048001508 -0.0755691845053702 -0.0369631729025798 0.0761781506145951 0.0418308116270497 0.0148645753826014 -0.0549074650836597
-0.057499048001508 0.0917738161680491 0.122782197065856 0.0376798250375098 -0.0579224068806411 -0.0313455333499615 0.0748376859934096 0.039484268429793
-0.0755691845053702 0.122782197065856 0.184688265552235 0.0719097725649824 -0.106507137565726 -0.0377515889121659 0.148056444807798 0.0529423011827279
-0.0369631729025798 0.0376798250375098 0.0719097725649824 0.0679296570740548 -0.0589287810371129 -0.0143083755174886 0.0502141321223535 0.0440614682806039
0.0761781506145951 -0.0579224068806411 -0.106507137565726 -0.0589287810371129 0.00336716931955736 0.0424858185703188 0.00817300591116983 -0.0572440531358368
0.0418308116270497 -0.0313455333499615 -0.0377515889121659 -0.0143083755174886 0.0424858185703188 0.0237088951398165 -0.0663210703409087 -0.00666754577542072
0.0148645753826014 0.0748376859934096 0.148056444807798 0.0502141321223535 0.00817300591116984 -0.0663210703409087 0.240615453762706 -0.0643900916409098
-0.0549074650836597 0.039484268429793 0.0529423011827279 0.0440614682806039 -0.0572440531358368 -0.00666754577542072 -0.0643900916409098 0.0800770418307045
