0.0740876763067499 -0.0809344350717891 -0.100772667034068 -0.0113153149912958 0.0916309191346869 0.0279811532672146 -0.0127868166253411 -0.0435818410080949
-0.0809344350717891 0.134172490814712 0.146829836769173 0.0343608935564221 -0.0685081299216956 -0.00260109517228754 0.0658121882872873 0.0769928227158747
-0.100772667034068 0.146829836769173 0.203002399616772 -0.0433951499914344 -0.11294944294547 0.00264879277458893 0.101030715059226 0.0793104290258076
-0.0113153149912958 0.0343608935564221 -0.0433951499914344 0.130385905033555 -0.0141762779155866 -0.0352535565028324 -0.0578774500441244 0.0383167008678749
0.0916309191346869 -0.0685081299216956 -0.11294944294547 -0.0141762779155866 0.0666029399260086 0.0188395034014274 0.0504064123444096 -0.0747764597000194
0.0279811532672146 -0.00260109517228754 0.00264879277458893 -0.0352535565028324 0.0188395034014274 -0.0171375600989567 0.0174570118425958 -0.00873786491121478
-0.0127868166253411 0.0658121882872873 0.101030715059226 -0.0578774500441244 0.0504064123444096 0.0174570118425958 0.109110348980346 -0.00377236297366125
-0.0435818410080949 0.0769928227158747 0.0793104290258076 0.0383167008678749 -0.0747764597000194 -0.00873786491121478 -0.00377236297366125 0.0643417969944592
