0.0603007700874194 -0.0221459608914579 -0.0235138362951585 -0.0238102646946489 0.0523346013778676 0.0272668367302442 0.0171234399051245 -0.0374480184862422
-0.0221459608914579 0.0192651451914533 0.0242981281148911 0.0172627893212231 -0.0185083495493252 -0.00655671896557428 -0.0132643480848384 0.0192837506653069
-0.0235138362951585 0.0242981281148911 0.0358501236801683 -0.00234186976887814 -0.00719494623092696 0.0155762020855624 -0.0144865013528563 0.0253214470117614
-0.0238102646946489 0.0172627893212231 -0.00234186976887814 0.0474548603439459 -0.0492227501125243 -0.00923895357033212 -0.0205515421975465 0.0223360074637349
0.0523346013778675 -0.0185083495493252 -0.00719494623092696 -0.0492227501125243 0.0113671732838763 0.0173032426756224 0.0543660404919203 -0.0150168776498873
0.0272668367302442 -0.00655671896557428 0.0155762020855624 -0.00923895357033212 0.0173032426756224 0.0029212059700551 -0.00890736908912258 0.00333108138944228
0.0171234399051245 -0.0132643480848384 -0.0144865013528563 -0.0205515421975465 0.0543660404919203 -0.00890736908912258 0.0248829614152347 -0.0439502748845687
-0.0374480184862422 0.0192837506653069 0.0253214470117614 0.0223360074637349 -0.0150168776498873 0.00333108138944228 -0.0439502748845687 0.0195257752843726
