0.100085387824549 -0.0618980841590495 -0.0434218422568214 -0.0319346519240345 0.117088440093756 0.0372311959686441 0.0394577599622627 -0.0797887201758602
-0.0618980841590495 0.0554534811560101 0.0199085381674436 0.069928313159035 -0.0298697410641082 -0.000944457651684243 -0.00835272389431192 0.0655505320997567
-0.0434218422568214 0.0199085381674436 0.0601582529576077 -0.0401384271246628 -0.0330522985870841 -0.0023913016351605 0.0301936635639439 0.0189265839715513
-0.0319346519240345 0.069928313159035 -0.0401384271246628 0.129100536206179 -0.00479393415834846 0.00208656824492598 -0.0052522306993187 0.0572981349946211
0.117088440093756 -0.0298697410641082 -0.0330522985870841 -0.00479393415834845 0.0957344386136013 0.0631243086112178 0.104703899990843 -0.102578732181123
0.0372311959686441 -0.000944457651684246 -0.0023913016351605 0.00208656824492598 0.0631243086112178 -0.0399350487246106 0.0274525832351947 -0.0176508477794746
0.0394577599622627 -0.00835272389431192 0.0301936635639439 -0.0052522306993187 0.104703899990843 0.0274525832351947 0.064980539626451 -0.0484091213835475
-0.0797887201758602 0.0655505320997567 0.0189265839715513 0.0572981349946211 -0.102578732181123 -0.0176508477794746 -0.0484091213835475 0.0788758201084381
