0.0570748323515084 -0.0221965981496048 -0.0095090714656882 -0.0543606687842921 0.0357873995502782 0.0477920860070215 0.0148118258064459 -0.0199910469840344
-0.0221965981496048 0.069140329710592 0.0844637807689578 -0.0163994664327668 0.0180931512577542 0.010759746781457 0.0541065078531715 0.0137168613569795
-0.0095090714656882 0.0844637807689578 0.104266705800821 -0.0233380208433368 0.0321940179393018 -0.00825663342080457 0.117428383810115 0.0190091794568451
-0.0543606687842921 -0.0163994664327668 -0.0233380208433368 0.150925350150423 -0.0188307715901035 -0.0586199518329742 -0.0466411459439611 0.0732141557448742
0.0357873995502782 0.0180931512577542 0.0321940179393018 -0.0188307715901035 -0.0518747244497494 0.0198378668875979 0.0864770877749213 -0.0336055398876778
0.0477920860070215 0.010759746781457 -0.00825663342080457 -0.0586199518329742 0.0198378668875979 0.0262905947010549 -0.0155348913620554 0.0149754279370186
0.0148118258064459 0.0541065078531715 0.117428383810115 -0.0466411459439611 0.0864770877749213 -0.0155348913620554 0.123068538141412 -0.0470018023824523
-0.0199910469840344 0.0137168613569795 0.0190091794568451 0.0732141557448742 -0.0336055398876778 0.0149754279370186 -0.0470018023824523 0.0643353378371665
