0.116444503400381 -0.0914068179054002 -0.0723527139387807 -0.0498911723138672 0.0621664621999727 0.0493934221581111 -0.0472165585066089 -0.0838613966683792
-0.0914068179054002 0.109411250365194 0.117335352170205 0.0447371923882051 0.00350018749750436 -0.00263884677650319 0.0449648957283071 0.0872001472806628
-0.0723527139387807 0.117335352170205 0.151394829802112 0.0205275988213882 -0.0133917516190474 0.0269642622687014 0.105291789275026 0.0954041155244655
-0.0498911723138672 0.0447371923882051 0.0205275988213882 0.107716096282015 -0.0393114850216407 -0.0350361828914389 0.0056645548522187 0.0888937836381181
0.0621664621999727 0.00350018749750436 -0.0133917516190474 -0.0393114850216407 -0.0366413596204935 0.00229164500105616 0.066233698900626 -0.03563525508531
0.0493934221581111 -0.00263884677650319 0.0269642622687014 -0.0350361828914389 0.00229164500105615 0.0129665807226601 -0.0497025900111835 -0.0228814420897374
-0.0472165585066089 0.0449648957283071 0.105291789275026 0.00566455485221871 0.066233698900626 -0.0497025900111835 0.167696650386552 0.0062030095642671
-0.0838613966683792 0.0872001472806628 0.0954041155244655 0.0888937836381181 -0.03563525508531 -0.0228814420897374 0.0062030095642671 0.10181165270075
