0.135972672902931 -0.0767495907476579 -0.0575188770666505 -0.0227062936639468 0.142735031390458 0.0401077846511007 0.0432089120733879 -0.0543309459353522
-0.0767495907476579 0.115192429300936 0.0937616809155459 0.0155621162118422 -0.0223052866472664 0.0200091642605023 0.0387062244224575 0.0589966376624991
-0.0575188770666505 0.0937616809155459 0.0960640908141417 -0.0209229568146047 -0.0211352690266352 0.0266765754780906 0.0885922308283948 0.0245237215993162
-0.0227062936639468 0.0155621162118422 -0.0209229568146047 0.122556948245997 -0.0110519945119752 -0.0366802059541678 -0.0522438455401675 0.0770000393796405
0.142735031390458 -0.0223052866472664 -0.0211352690266352 -0.0110519945119752 0.094147935281691 0.0477907504602154 0.0895133275949669 -0.036562883454366
0.0401077846511007 0.0200091642605023 0.0266765754780906 -0.0366802059541678 0.0477907504602154 0.0111341517336068 0.00618263044704315 0.00462147129076762
0.0432089120733879 0.0387062244224575 0.0885922308283948 -0.0522438455401675 0.0895133275949669 0.00618263044704315 0.135594187665667 -0.0684926841690477
-0.0543309459353522 0.0589966376624991 0.0245237215993162 0.0770000393796405 -0.036562883454366 0.00462147129076762 -0.0684926841690477 0.0804122604994232
