0.0836723125126457 -0.061747490018449 -0.0590561781774744 -0.00884793891980459 0.107415924957117 0.0332937766894531 0.00801903716022112 -0.0686313082527207
-0.061747490018449 0.0828511476743605 0.0850780120764968 0.0141910034307803 -0.0312913521276462 0.0139546477186066 0.033209087908905 0.0624146814254976
-0.0590561781774744 0.0850780120764968 0.0642360864815191 -0.0338833095851813 -0.0538186598700186 0.00121316995735887 0.0703590167433485 0.0398039430799992
-0.00884793891980459 0.0141910034307803 -0.0338833095851813 0.167658088302566 -0.00279018718957049 -0.0177650461714502 -0.0441702688550448 0.0912728067895365
0.107415924957117 -0.0312913521276462 -0.0538186598700186 -0.00279018718957049 0.0212334875895946 0.0227666471388861 -0.00822084880776111 -0.0601229006549438
0.0332937766894531 0.0139546477186066 0.00121316995735887 -0.0177650461714502 0.0227666471388861 0.00268889656253451 -0.0459877930586403 -0.004865896182167
0.00801903716022112 0.033209087908905 0.0703590167433485 -0.0441702688550448 -0.00822084880776112 -0.0459877930586403 0.15002682580484 -0.0388439371639559
-0.0686313082527207 0.0624146814254976 0.0398039430799992 0.0912728067895365 -0.0601229006549437 -0.004865896182167 -0.0388439371639559 0.115218168525399
