0.0579633119372555 -0.0426229264698128 -0.0404068876467317 -0.0494093129503743 0.11794780063525 0.043740606948074 -0.0252940364355316 -0.0620153038576094
-0.0426229264698128 0.163843848078557 0.146325932374915 0.0334512133807899 -0.014697614710256 0.0337360885721314 0.142440592155043 0.100659683108929
-0.0404068876467317 0.146325932374915 0.122580641261205 0.0162712437165464 -0.0261535072061247 0.0180976124546609 0.165088829583182 0.102480704665106
-0.0494093129503743 0.0334512133807899 0.0162712437165464 0.135160063475347 -0.0856797327791478 -0.0215679347184437 -0.0188935773749751 0.102332079059693
0.11794780063525 -0.014697614710256 -0.0261535072061247 -0.0856797327791478 0.0870687204498891 0.087842496268813 -0.010318444458221 -0.0767054741742331
0.043740606948074 0.0337360885721313 0.0180976124546609 -0.0215679347184437 0.087842496268813 0.00659587939484274 -0.0112368562250024 -0.00418775284700206
-0.0252940364355316 0.142440592155043 0.165088829583182 -0.0188935773749751 -0.010318444458221 -0.0112368562250024 0.176745838856908 0.0615770906876865
-0.0620153038576094 0.100659683108929 0.102480704665106 0.102332079059693 -0.0767054741742331 -0.00418775284700206 0.0615770906876865 0.122460957644742
