0.0891612145944872 -0.0826114415297692 -0.0737542792679733 -0.0325910336383078 0.0575291906681538 0.0578120131098003 0.0184761421932341 -0.0716120189339881
-0.0826114415297692 0.122315739950371 0.122249086279154 -0.00167962515097489 -0.0232810925964532 0.0107442006423933 -0.0300823593059046 0.0822978705414346
-0.0737542792679733 0.122249086279154 0.110579951205192 -0.0016254661143463 0.0094263109791234 -0.00711552911333395 0.0487698625971602 0.0639235935032208
-0.0325910336383078 -0.00167962515097489 -0.0016254661143463 0.151499892023694 -0.00536192915646644 -0.0796003672829216 0.1028213474021 0.0427139008358577
0.0575291906681538 -0.0232810925964532 0.0094263109791234 -0.00536192915646643 -0.0343883738934567 0.0271103862645873 0.0720923742863488 -0.0231666105687557
0.0578120131098003 0.0107442006423933 -0.00711552911333395 -0.0796003672829216 0.0271103862645873 0.0436664400307492 -0.0878107278602825 -0.00539511529943227
0.0184761421932341 -0.0300823593059046 0.0487698625971602 0.1028213474021 0.0720923742863488 -0.0878107278602825 0.220112950022102 -0.0406903703903157
-0.0716120189339881 0.0822978705414346 0.0639235935032208 0.0427139008358577 -0.0231666105687557 -0.00539511529943227 -0.0406903703903157 0.0597586997535383
