0.0628911855448503 -0.0586963360820213 -0.0765727626594182 0.0220115833278794 0.0987632166370741 0.0386227722665367 -0.0419500800734618 -0.0290233352890176
-0.0586963360820213 0.0635975507741583 0.090180253156759 -0.00748426646530643 -0.0506894591005364 -0.00677957966796878 0.0616060558907599 0.0414655230151481
-0.0765727626594182 0.090180253156759 0.173053387648818 -0.043818213262583 -0.125578755764606 -0.0232773118706485 0.18710515690705 0.0178181139202842
0.0220115833278794 -0.00748426646530643 -0.043818213262583 0.153726913298379 0.0545452270973995 -0.0266394133693143 -0.0188437650157462 0.0132823992699708
0.0987632166370741 -0.0506894591005364 -0.125578755764606 0.0545452270973995 0.0732388463736595 0.0619459111939447 -0.0837114429888204 -0.0124229360979159
0.0386227722665367 -0.00677957966796879 -0.0232773118706485 -0.0266394133693143 0.0619459111939446 0.0134354505181584 -0.0751503398922956 0.00172671420018148
-0.0419500800734618 0.0616060558907599 0.18710515690705 -0.0188437650157462 -0.0837114429888204 -0.0751503398922956 0.254038631990667 0.011061947817591
-0.0290233352890176 0.0414655230151481 0.0178181139202842 0.0132823992699708 -0.0124229360979159 0.00172671420018148 0.011061947817591 0.0349936956238786
