0.0701621910203684 -0.0287727990700204 -0.0260039838076379 -0.0506642057251937 0.0665700272736936 0.0448769803087294 -0.00667620238069919 -0.0736232612041583
-0.0287727990700204 0.0897160444099353 0.0242553090421602 0.0310936450270883 -0.0359685599784037 0.0370710009963694 -0.0482891613749628 0.0399949577152364
-0.0260039838076379 0.0242553090421602 0.0337865783547182 -0.0134323280855862 -0.0430744916893925 0.00660737345992853 0.0565001973958883 0.0258784936286557
-0.0506642057251937 0.0310936450270883 -0.0134323280855862 0.121730097591994 -0.0432114179551971 -0.0530738831937397 -0.0226833634395022 0.0711599218937507
0.0665700272736936 -0.0359685599784037 -0.0430744916893926 -0.0432114179551971 -0.0224686372725403 0.0246611627768197 0.0186855976162693 -0.0502881169399578
0.0448769803087294 0.0370710009963694 0.00660737345992853 -0.0530738831937397 0.0246611627768197 0.0123680422077041 -0.0372539496024456 -0.0300202286359955
-0.00667620238069919 -0.0482891613749628 0.0565001973958883 -0.0226833634395022 0.0186855976162693 -0.0372539496024456 0.16089186420968 -0.017316834003759
-0.0736232612041583 0.0399949577152364 0.0258784936286557 0.0711599218937507 -0.0502881169399578 -0.0300202286359955 -0.017316834003759 0.0613793888011021
