0.0997483061036187 -0.0683993544211181 -0.0194276336419129 -0.0635010583548428 0.129280915860463 0.0304501878031177 0.0134385907741494 -0.0588447804537226
-0.0683993544211181 0.0629215062958876 0.0405339767553926 0.0505410799971305 -0.0556454718412343 0.00423925430891072 -0.000638904858009207 0.052392180022567
-0.0194276336419129 0.0405339767553926 0.05762605746347 0.00173621673944137 -0.0239641736372259 0.0146221829101494 0.0154998594432903 0.0334719209367083
-0.0635010583548428 0.0505410799971305 0.00173621673944137 0.169378094194405 -0.0212002479072676 -0.0469907879980001 0.00339553287622253 0.074867621880741
0.129280915860463 -0.0556454718412343 -0.0239641736372259 -0.0212002479072676 0.0543354095076551 0.0259936513976788 0.040357129150339 -0.0551307465705601
0.0304501878031177 0.00423925430891072 0.0146221829101494 -0.0469907879980001 0.0259936513976788 -0.00308030331057601 -0.0303416954219119 -0.00691301449839887
0.0134385907741494 -0.000638904858009208 0.0154998594432903 0.00339553287622253 0.040357129150339 -0.0303416954219119 0.202287101175324 -0.0376578854681843
-0.0588447804537226 0.052392180022567 0.0334719209367083 0.074867621880741 -0.0551307465705601 -0.00691301449839886 -0.0376578854681843 0.0700411338834544
