0.0826898433236109 -0.0611071134024786 -0.0460158890534221 -0.0433032400758477 0.0679258588797009 0.045411607473073 -0.0116712137770068 -0.0359671714435037
-0.0611071134024786 0.158769612896581 0.143755491160763 0.0251177103284567 0.0161502131148706 0.0307681111493695 0.0213243245590066 0.0521112923234922
-0.0460158890534221 0.143755491160763 0.128635695940531 -0.0297018332808533 0.0189371861111882 0.0288996360256227 0.119247397150349 -0.0116995018547697
-0.0433032400758477 0.0251177103284567 -0.0297018332808533 0.147856516958322 -0.0529924857525287 -0.0441952004999031 -0.103438566403379 0.0886505724343779
0.0679258588797009 0.0161502131148706 0.0189371861111882 -0.0529924857525287 0.0059242689515297 0.0173302273493188 0.102271038234152 -0.0324064809936957
0.045411607473073 0.0307681111493695 0.0288996360256227 -0.0441952004999031 0.0173302273493188 0.0300079716586696 -0.0263361229220872 0.000191442152448721
-0.0116712137770068 0.0213243245590066 0.119247397150349 -0.103438566403379 0.102271038234152 -0.0263361229220872 0.210835525791506 -0.104004579613903
-0.0359671714435037 0.0521112923234922 -0.0116995018547697 0.0886505724343779 -0.0324064809936957 0.000191442152448721 -0.104004579613903 0.0802949095181479
