0.0801156859265866 -0.0284439375979773 -0.0245390463660165 -0.0337442807209159 0.0766522593059464 0.0604191208494832 0.0239692659503868 -0.0434756359242857
-0.0284439375979773 0.0513055245440812 0.0607310906416365 -0.0260160556737637 0.0123668800767888 0.031376633098145 0.0361327323889902 0.0239397794718224
-0.0245390463660165 0.0607310906416365 0.0713827809785148 -0.0273320456990065 0.0126839506016941 0.0225086964006433 0.0314234664509275 0.0135203375236978
-0.0337442807209159 -0.0260160556737637 -0.0273320456990065 0.150432495731029 -0.0447071575684148 -0.0504722797406626 -0.0309919620173416 0.0732937855930893
0.0766522593059464 0.0123668800767888 0.0126839506016941 -0.0447071575684148 0.00176898379202921 0.0697506696806601 0.0676622971455995 -0.021257262192798
0.0604191208494832 0.031376633098145 0.0225086964006433 -0.0504722797406626 0.0697506696806601 0.064148321674757 -0.00995485863946084 -0.0297244379047928
0.0239692659503868 0.0361327323889902 0.0314234664509274 -0.0309919620173416 0.0676622971455995 -0.00995485863946085 0.0752238655121094 -0.0248339272407684
-0.0434756359242857 0.0239397794718224 0.0135203375236978 0.0732937855930893 -0.021257262192798 -0.0297244379047928 -0.0248339272407684 0.0442594340840462
