0.0769066130221115 -0.0857401810575117 -0.0625225492762135 -0.00730897852256745 0.0356733017857188 0.019463058292405 -0.00683536720165041 -0.0502300640993287
-0.0857401810575117 0.165317942155754 0.160562541638551 -0.0433170621728638 -0.0266943830295441 0.02272706273208 0.00345830753726259 0.0660012234147505
-0.0625225492762135 0.160562541638551 0.146453663312882 -0.0470624020952524 -0.0438732260709344 0.0212185341239095 0.0196270002682186 0.0674594708524478
-0.00730897852256745 -0.0433170621728638 -0.0470624020952524 0.0664935831402281 -0.00930205357044886 -0.037746141643811 0.0259093079992661 0.0380168515756287
0.0356733017857188 -0.0266943830295441 -0.0438732260709344 -0.00930205357044886 -0.0294026763309247 0.0337773565877504 0.0282718419701166 -0.0634042101221303
0.019463058292405 0.02272706273208 0.0212185341239095 -0.037746141643811 0.0337773565877504 0.00506767420302441 -0.0713172445088185 -0.0176989389864462
-0.00683536720165041 0.00345830753726259 0.0196270002682186 0.0259093079992661 0.0282718419701166 -0.0713172445088185 0.197613207576897 -0.0230620455453068
-0.0502300640993287 0.0660012234147505 0.0674594708524478 0.0380168515756287 -0.0634042101221303 -0.0176989389864462 -0.0230620455453068 0.085219746027306
