0.0709657274986789 -0.0499509914891585 -0.0267477648447892 -0.038890137412095 0.0719956415228976 0.0438434875175196 0.00844945832244175 -0.0122886892035328
-0.0499509914891585 0.109667753288869 0.0862510648816014 0.02359139787915 -0.00373087327104122 0.025083721047784 0.0314155180406497 0.0374439197674912
-0.0267477648447892 0.0862510648816014 0.0687591129831139 0.0216934347334823 -0.00905553462922016 0.0261378680514704 0.0446370136474956 0.0367184569060687
-0.038890137412095 0.02359139787915 0.0216934347334823 0.055105071120729 -0.00607563268562157 -0.0107544418056669 -0.0293103241712401 0.040650238921365
0.0719956415228976 -0.00373087327104122 -0.00905553462922016 -0.00607563268562157 0.0465429762605108 0.0222454356426315 0.0357163577007047 -0.00432519453884149
0.0438434875175196 0.025083721047784 0.0261378680514704 -0.0107544418056669 0.0222454356426315 0.0206793514534628 -0.000655861354591017 0.0234284022323933
0.00844945832244176 0.0314155180406497 0.0446370136474956 -0.0293103241712401 0.0357163577007047 -0.00065586135459102 0.0456371871380603 -0.0148215179564755
-0.0122886892035328 0.0374439197674912 0.0367184569060687 0.040650238921365 -0.00432519453884149 0.0234284022323933 -0.0148215179564755 0.0222447231293809
