0.0659603717210538 -0.025828081779665 -0.0414758120462199 -0.0290547355842539 0.0845745241493097 0.0600915839599323 0.0202266793131891 -0.0347462293543822
-0.025828081779665 0.0855989533959043 0.0664467093649777 0.0235343204292284 0.0353062291364791 0.027950652981102 0.00449606561706441 0.0598412819286203
-0.0414758120462199 0.0664467093649777 0.123730983128758 0.00838073124825062 -0.0189384208417017 -0.0149798497416815 0.0486993931549927 0.0320734403473565
-0.0290547355842539 0.0235343204292284 0.00838073124825062 0.0934175479890544 -0.0254996298447004 -0.0184486081096404 -0.0544166185740883 0.0444591979933711
0.0845745241493097 0.0353062291364791 -0.0189384208417017 -0.0254996298447004 0.0876707316633716 0.128707591944015 0.0339114527670778 -0.0283289209819874
0.0600915839599323 0.027950652981102 -0.0149798497416815 -0.0184486081096404 0.128707591944015 0.0865004687809986 -0.0222428958956395 -0.0301201094998479
0.0202266793131891 0.00449606561706441 0.0486993931549927 -0.0544166185740883 0.0339114527670778 -0.0222428958956395 0.0875936916012968 -0.0126162595585418
-0.0347462293543822 0.0598412819286203 0.0320734403473565 0.0444591979933711 -0.0283289209819874 -0.0301201094998479 -0.0126162595585418 0.0432980282916553
