0.127523873863219 -0.0730099161974292 -0.0510454931306151 -0.1176930909425 0.20485354984777 0.0805120593453849 0.000867845322898909 -0.101825147612473
-0.0730099161974292 0.138640341312924 0.14341688034936 0.0567579731436779 -0.0422514382025502 0.0159611728938739 0.0657717572761783 0.0587858294697853
-0.0510454931306151 0.14341688034936 0.176783440707611 0.0262659744285646 -0.021765244662233 0.01286381421272 0.114911961414 0.0303467246290198
-0.1176930909425 0.0567579731436779 0.0262659744285646 0.22435580109317 -0.172461101874218 -0.115395679353604 -0.0310798964370631 0.104001567310034
0.20485354984777 -0.0422514382025502 -0.021765244662233 -0.172461101874218 0.192287158642115 0.122657455365601 0.0680434443145738 -0.138619909378099
0.0805120593453849 0.0159611728938739 0.01286381421272 -0.115395679353604 0.122657455365601 0.0695901985932076 -0.0284701233155836 -0.0273239242222858
0.00086784532289891 0.0657717572761783 0.114911961414 -0.0310798964370631 0.0680434443145738 -0.0284701233155836 0.155966546025555 -0.0124103293944855
-0.101825147612473 0.0587858294697853 0.0303467246290198 0.104001567310034 -0.138619909378099 -0.0273239242222858 -0.0124103293944855 0.0984194313772519
