0.0315843189414374 -0.0387889499763758 -0.0233738847100652 -0.0143025411631526 0.0229586953790153 0.00635859494066289 0.0260867071290137 -0.0361111845015986
-0.0387889499763758 0.0650657979572448 0.0495231522567278 0.00943216781428536 0.0194947565229036 0.00952794702219454 0.0278328017581936 0.042884068705374
-0.0233738847100652 0.0495231522567278 0.0381241327664818 0.0143111944653395 -0.00163317347088878 0.00562091749555188 0.0103200000696777 0.0339395761532399
-0.0143025411631526 0.00943216781428536 0.0143111944653395 0.0397264164299811 -0.0138705465017929 -0.00583599084636506 -0.0254892468423841 0.0450414267443222
0.0229586953790153 0.0194947565229037 -0.00163317347088878 -0.0138705465017929 -0.0205127045069039 0.024055726439456 0.0667428896485312 -0.00251104182188756
0.00635859494066289 0.00952794702219453 0.00562091749555188 -0.00583599084636506 0.024055726439456 0.025125082724998 -0.0321793563994442 0.00823106203490188
0.0260867071290137 0.0278328017581936 0.0103200000696777 -0.0254892468423841 0.0667428896485312 -0.0321793563994442 0.0772310492716333 -0.00979049499786272
-0.0361111845015986 0.042884068705374 0.0339395761532399 0.0450414267443222 -0.00251104182188756 0.00823106203490188 -0.00979049499786272 0.0603998190166959
