0.163258060228601 -0.0708155980675853 -0.0456518655483773 -0.0710698898682659 0.113388150382224 0.0756936494088066 0.0648778329923458 -0.0947280074568999
-0.0708155980675853 0.132897869898036 0.128262304981857 0.0149170390038286 0.0187903345036226 0.0210000983090173 0.102758580390844 0.0800751061489973
-0.0456518655483773 0.128262304981857 0.124434541707238 -0.00238483259137924 0.0346786043387318 0.0310522642860279 0.155880792027691 0.0502290243630913
-0.0710698898682659 0.0149170390038286 -0.00238483259137924 0.098057044265015 -0.0433317850100282 -0.0418401010978639 -0.0415818250967913 0.0902464282197886
0.113388150382224 0.0187903345036226 0.0346786043387318 -0.0433317850100282 0.0193928502702934 0.0659477840295909 0.107124471509462 -0.0280840244809736
0.0756936494088066 0.0210000983090173 0.0310522642860279 -0.0418401010978639 0.0659477840295909 0.0122088689161207 0.0564750085620761 -0.0117966860947988
0.0648778329923458 0.102758580390844 0.155880792027691 -0.0415818250967913 0.107124471509462 0.0564750085620761 0.238785284517469 -0.0482308656314583
-0.0947280074568999 0.0800751061489973 0.0502290243630913 0.0902464282197886 -0.0280840244809736 -0.0117966860947988 -0.0482308656314583 0.104620592966404
