0.0660046830745815 -0.0598051271918571 -0.0703545423113586 0.00560898958596328 0.06114274544194 0.0165012290575565 0.00077583370803994 -0.0483331338724741
-0.0598051271918571 0.116657133143483 0.128263215327062 -0.0363220045311379 -0.0179039186848103 0.0513420797516571 0.0883895959861426 0.0227713686319386
-0.0703545423113586 0.128263215327062 0.119580010763866 -0.0402904564387821 -0.0230217653678131 0.0642286251025822 0.0627546428275623 0.0228058612765679
0.00560898958596328 -0.0363220045311379 -0.0402904564387821 0.0801602880356165 -0.00779705663932127 -0.0367901268362464 -0.0113054011749924 0.0234632260116527
0.06114274544194 -0.0179039186848103 -0.0230217653678131 -0.00779705663932127 -0.0486061068463298 0.033315078414847 0.050984467656358 -0.0262960511376956
0.0165012290575565 0.0513420797516571 0.0642286251025822 -0.0367901268362464 0.033315078414847 0.0420839297304016 0.0339551006359856 -0.0109409522484956
0.000775833708039938 0.0883895959861426 0.0627546428275623 -0.0113054011749924 0.050984467656358 0.0339551006359856 0.155047040954465 -0.0722879838612904
-0.0483331338724741 0.0227713686319386 0.0228058612765679 0.0234632260116527 -0.0262960511376956 -0.0109409522484956 -0.0722879838612904 0.0623937866890444
