0.0855252148341355 -0.0840629050558138 -0.0393043973178206 -0.0651824831114476 0.0937101643454007 0.0217977500082169 0.0374431060202504 -0.0779572710381592
-0.0840629050558138 0.0941885781913 0.0689425558893773 0.0494082604866032 -0.0725732481026039 -0.00304794427142956 -0.010363681538712 0.0691278447474408
-0.0393043973178206 0.0689425558893773 0.0323878949372677 0.00944427865215919 -0.0298584828263533 0.0132260300771772 0.00169126123034346 0.0449668168781234
-0.0651824831114476 0.0494082604866032 0.00944427865215919 0.0878904699943896 -0.075674338518011 -0.0340362158829133 -0.0484105798757092 0.094915098378764
0.0937101643454007 -0.0725732481026039 -0.0298584828263533 -0.075674338518011 0.0820030062545862 0.027218200376163 0.00744593854850911 -0.0438005681209551
0.0217977500082169 -0.00304794427142955 0.0132260300771773 -0.0340362158829133 0.027218200376163 -0.0010153447689742 0.0342586894952755 -0.021980032038344
0.0374431060202504 -0.010363681538712 0.00169126123034346 -0.0484105798757091 0.00744593854850911 0.0342586894952755 0.156046867559691 -0.0821498295845715
-0.0779572710381592 0.0691278447474408 0.0449668168781234 0.094915098378764 -0.0438005681209551 -0.021980032038344 -0.0821498295845715 0.102104404778516
