0.01667299664466 -0.0227653345425614 -0.0318925121147432 0.00861419313364934 0.0357688310854328 0.0165087041283508 0.0120584638893561 -0.0285209441103774
-0.0227653345425614 0.0507514599281221 0.0594969778101017 -0.0127627390514164 -0.0126655230086754 0.0225564409012028 -0.000858778535964337 0.0372663750447742
-0.0318925121147432 0.0594969778101017 0.084885009050692 -0.0421029606634085 -0.0298220373363236 0.0134292202940779 0.0264485314944676 0.0444355840326208
0.00861419313364934 -0.0127627390514164 -0.0421029606634085 0.0707473178949009 0.00890623929964503 -0.0190188734244121 -0.00539846156546739 0.0281818421354424
0.0357688310854328 -0.0126655230086754 -0.0298220373363236 0.00890623929964503 -0.0525582012810351 0.00695203798832573 0.078379054108472 -0.0214064773937451
0.0165087041283508 0.0225564409012028 0.0134292202940779 -0.0190188734244121 0.00695203798832575 0.0143334850880197 -0.0387852828277723 0.0138879327448077
0.0120584638893561 -0.000858778535964339 0.0264485314944676 -0.00539846156546739 0.078379054108472 -0.0387852828277723 0.0912040013656044 -0.00782164570789756
-0.0285209441103774 0.0372663750447742 0.0444355840326208 0.0281818421354424 -0.0214064773937451 0.0138879327448077 -0.00782164570789756 0.0497784154908423
