0.122879441439823 -0.0325130194363287 0.00559606365338486 -0.121880828537888 0.0914008564732064 0.110631723385025 0.016912232417137 -0.120452391958079
-0.0325130194363287 0.0724285214237851 0.0634471537293878 0.0172968288364993 0.00106491779367155 0.00472747476356052 0.0626554400371223 0.031907977692143
0.00559606365338486 0.0634471537293878 0.0874768630350778 -0.0225065640232955 0.0248130754360936 0.038003147007613 0.10096514025749 0.018258473064207
-0.121880828537888 0.0172968288364993 -0.0225065640232955 0.286813619356247 -0.107612289440432 -0.128332221169151 -0.0886398519640533 0.143667962996315
0.0914008564732064 0.00106491779367155 0.0248130754360936 -0.107612289440432 0.0719135469720204 0.0884986272017658 0.0731791084054679 -0.0394252783421887
0.110631723385025 0.00472747476356052 0.038003147007613 -0.128332221169151 0.0884986272017658 0.072393641141012 0.0374574195214428 -0.0885023536774872
0.016912232417137 0.0626554400371223 0.10096514025749 -0.0886398519640533 0.0731791084054679 0.0374574195214428 0.0877091512063052 -0.0126531105827637
-0.120452391958079 0.031907977692143 0.018258473064207 0.143667962996315 -0.0394252783421887 -0.0885023536774872 -0.0126531105827637 0.105589345776559
