0.0552041767645878 -0.0483349123966093 -0.0188966770288861 -0.0617465505182514 0.0541091376347029 0.0298966776167577 -0.00163676662424746 -0.0546731989950419
-0.0483349123966093 0.11055178289825 0.0793891141433259 0.0764331042410661 -0.036500874303161 0.00502831609100321 0.00686678409767021 0.0552382837734804
-0.0188966770288861 0.0793891141433259 0.0600508983558137 0.0485321814086829 -0.0258680477818951 0.0120750430432579 0.0199060736234889 0.0434989504981336
-0.0617465505182514 0.0764331042410661 0.0485321814086829 0.198020221769613 -0.0414450847371811 -0.0637535985110219 0.0219508822859953 0.10154709477866
0.0541091376347029 -0.036500874303161 -0.0258680477818951 -0.0414450847371811 0.00406698301058487 0.0264458690339411 0.0430501869290787 -0.0159127856739411
0.0298966776167577 0.00502831609100321 0.0120750430432579 -0.0637535985110219 0.0264458690339411 0.00195717512349611 -0.0344784642662216 -0.0147431592625742
-0.00163676662424746 0.00686678409767021 0.0199060736234889 0.0219508822859953 0.0430501869290787 -0.0344784642662216 0.0226889023533683 -0.00251669756136945
-0.0546731989950419 0.0552382837734804 0.0434989504981336 0.10154709477866 -0.0159127856739411 -0.0147431592625742 -0.00251669756136945 0.0598628686263758
