0.0732934486526984 -0.0639004199450526 -0.0298615538743634 -0.0270340150834806 0.071956731878543 0.0405889961732873 0.0357626449479904 -0.0715592349477459
-0.0639004199450526 0.0844403816665086 0.0413699839593686 0.0226037602449896 -0.0421635671803883 -0.00814696630261473 -0.053852448421447 0.0861300375103111
-0.0298615538743634 0.0413699839593686 0.0162166388835606 0.0168810589919144 -0.0308560233811958 0.0069987615519642 -0.0205202442320218 0.0434531902237037
-0.0270340150834806 0.0226037602449896 0.0168810589919144 0.0490776041343003 -0.0107351108806489 -0.02236055905841 -0.000625073902813314 0.0662993919022925
0.0719567318785429 -0.0421635671803883 -0.0308560233811958 -0.0107351108806489 0.0114595846612711 0.0472979670333165 0.052204463630663 -0.0460903787557473
0.0405889961732873 -0.00814696630261473 0.0069987615519642 -0.02236055905841 0.0472979670333165 -0.00937931296306137 0.00289333543488444 -0.0221796256819758
0.0357626449479905 -0.053852448421447 -0.0205202442320218 -0.000625073902813315 0.052204463630663 0.00289333543488444 0.0494596331758393 -0.057211335822529
-0.0715592349477459 0.0861300375103111 0.0434531902237037 0.0662993919022925 -0.0460903787557473 -0.0221796256819758 -0.057211335822529 0.0928081482319888
