0.132997380620424 -0.0661063444015471 -0.0638508114157218 -0.0617323099880956 0.136594876339736 0.0615933117185426 0.0195515584560551 -0.0474412565563625
-0.0661063444015471 0.0772902265448897 0.0892417709741204 0.030488760485588 -0.0390166304977233 0.00420994396940645 0.00717734350305812 0.0435155328277479
-0.0638508114157218 0.0892417709741204 0.0882788150869593 -0.00343700184818909 -0.0375661465846249 0.0162372522345937 0.0270097544704063 0.0232467998482066
-0.0617323099880956 0.030488760485588 -0.00343700184818909 0.171856644164342 -0.0749970721706916 -0.0412766766173144 -0.0413708569267339 0.112830606958781
0.136594876339736 -0.0390166304977233 -0.0375661465846248 -0.0749970721706916 0.108502369793013 0.0677896810114125 0.0411946496177564 -0.0655851390147095
0.0615933117185426 0.00420994396940645 0.0162372522345937 -0.0412766766173144 0.0677896810114125 0.0126636251741239 -0.0190569710594777 -0.0208530647855068
0.0195515584560551 0.00717734350305811 0.0270097544704064 -0.0413708569267339 0.0411946496177564 -0.0190569710594777 0.170645285270414 -0.0653788063173096
-0.0474412565563625 0.0435155328277479 0.0232467998482066 0.112830606958781 -0.0655851390147095 -0.0208530647855068 -0.0653788063173096 0.0663615085554907
