0.123744881136428 -0.0686995417468419 -0.0227348169423118 -0.0402970724340161 0.133397530107422 0.0743023231931077 0.0890955401391679 -0.11481786731067
-0.0686995417468419 0.110412406070475 0.0809691949593723 -0.0177340528482944 -0.0154611550816416 0.00702864943376583 -0.043967771873115 0.0900722017640516
-0.0227348169423118 0.0809691949593723 0.101456314570861 -0.0408329173167767 -0.000862555971859252 0.0176299032792886 0.051032452740408 0.0331107340971166
-0.0402970724340161 -0.0177340528482944 -0.0408329173167767 0.119245366200601 -0.0299272653219312 -0.0449689287531728 0.00376499284158344 0.0785871910276653
0.133397530107422 -0.0154611550816416 -0.000862555971859255 -0.0299272653219312 0.103220419726605 0.0829348559856007 0.117550706496792 -0.0595780894828172
0.0743023231931077 0.00702864943376583 0.0176299032792886 -0.0449689287531728 0.0829348559856007 0.0201917735566903 0.00283430873653747 -0.044130874467728
0.0890955401391679 -0.043967771873115 0.051032452740408 0.00376499284158344 0.117550706496792 0.00283430873653747 0.164172746794126 -0.0578819003235453
-0.11481786731067 0.0900722017640516 0.0331107340971166 0.0785871910276653 -0.0595780894828172 -0.044130874467728 -0.0578819003235453 0.123550924433887
