0.0667270091589235 -0.0550232002263298 -0.0367411946291728 -0.0658394558397955 0.0870979816782204 0.0627554586913675 -0.016147719978906 -0.0827820152357449
-0.0550232002263298 0.100744897358876 0.0809064595608989 0.0788319008351624 -0.041139355055305 -0.00776861148678262 0.0653956574644756 0.0920832111452291
-0.0367411946291728 0.0809064595608989 0.0810636359537045 0.0295796108774716 -0.0642136487720561 0.00846960599218905 0.125272103822674 0.0361828442378933
-0.0658394558397955 0.0788319008351624 0.0295796108774716 0.106945535470213 -0.042520690794646 -0.0311890506476162 0.00259444340024204 0.131177751594525
0.0870979816782204 -0.041139355055305 -0.0642136487720561 -0.042520690794646 0.0756939345463907 0.0724609966591608 0.0055435278659588 -0.0565977729024389
0.0627554586913675 -0.00776861148678261 0.00846960599218906 -0.0311890506476162 0.0724609966591608 0.0192026058088832 -0.0140630978822745 -0.03117057514007
-0.016147719978906 0.0653956574644756 0.125272103822674 0.00259444340024204 0.0055435278659588 -0.0140630978822745 0.289137704099971 -0.0176859286385128
-0.082782015235745 0.0920832111452291 0.0361828442378933 0.131177751594525 -0.0565977729024389 -0.03117057514007 -0.0176859286385128 0.14781912639284
