0.06071068710416 -0.0612118746191503 -0.0501469798919569 -0.0137463746032202 0.0693991615186245 0.0257999731596985 0.0294201642213824 -0.0568763544265759
-0.0612118746191503 0.0966681739721434 0.0830677999571512 0.0218309959888063 -0.0281901716865064 0.0235996659904072 -0.0135364354270356 0.0540918629001157
-0.0501469798919569 0.0830677999571512 0.103058268668116 -0.028740333613612 -0.079518855083369 0.00818060768648536 0.0592876196389783 0.0389148401468981
-0.0137463746032202 0.0218309959888063 -0.028740333613612 0.11480632524535 -0.0080821363655736 -0.0244640421816934 -0.0337248478399349 0.0190687146323322
0.0693991615186245 -0.0281901716865064 -0.079518855083369 -0.0080821363655736 0.0685909328577189 0.0240916831662661 0.0900421595841888 -0.031909260064946
0.0257999731596985 0.0235996659904072 0.00818060768648537 -0.0244640421816934 0.0240916831662661 0.00323690442418248 -0.0214832430811194 0.00170871607278245
0.0294201642213824 -0.0135364354270356 0.0592876196389783 -0.0337248478399349 0.0900421595841888 -0.0214832430811194 0.216941336111384 -0.033412255407579
-0.0568763544265759 0.0540918629001157 0.0389148401468981 0.0190687146323322 -0.031909260064946 0.00170871607278245 -0.033412255407579 0.055759475290344
