0.0682012331717138 -0.0230700478094657 -0.037859361350834 -0.0471989657298973 0.057996441718632 0.0593784828120611 0.0376489676873015 -0.0809425643182685
-0.0230700478094657 0.125773388280461 0.134386639885645 -0.0900600789052606 0.0224390333826541 0.0897468909103473 0.0911787133777376 0.0389325360268549
-0.037859361350834 0.134386639885645 0.16710287796672 -0.174589883677078 0.0364887506530266 0.109462540269881 0.0930300334669093 0.0314379059309892
-0.0471989657298973 -0.0900600789052606 -0.174589883677078 0.390549265456313 -0.0551182398969428 -0.169249258684686 -0.127425131856531 0.152293412207049
0.057996441718632 0.0224390333826541 0.0364887506530266 -0.0551182398969428 -0.0733828730956237 0.0495482256051319 0.112711829204907 -0.034206454182979
0.0593784828120611 0.0897468909103473 0.109462540269881 -0.169249258684686 0.0495482256051319 0.13662122814415 0.0391955122166237 -0.0706478548979262
0.0376489676873015 0.0911787133777376 0.0930300334669093 -0.127425131856531 0.112711829204907 0.0391955122166237 0.198609407721567 -0.0558873829080978
-0.0809425643182685 0.0389325360268549 0.0314379059309892 0.152293412207049 -0.034206454182979 -0.0706478548979262 -0.0558873829080978 0.125837612646659
