0.0748835422073898 -0.0438111005108572 -0.0347659282835007 -0.0171664105203605 0.0581604460875329 0.031915530175876 0.00332573596879789 -0.0720519435925834
-0.0438111005108572 0.111584807630807 0.087977877745668 0.0222365073599664 -0.00347488631265287 0.0328433403221713 0.0310884246881294 0.0947387695958566
-0.0347659282835007 0.087977877745668 0.12438494449527 0.0510454130719031 -0.0271942830368983 0.0111302018411331 0.140359034655471 0.0585267032759477
-0.0171664105203605 0.0222365073599664 0.0510454130719031 0.105500428635083 -0.0116013219658854 -0.0159500977776782 0.0726372011418825 0.0660930055777002
0.0581604460875329 -0.00347488631265287 -0.0271942830368983 -0.0116013219658854 -0.0430769908691999 0.00730703833705675 0.0139604828580774 -0.0348013985952299
0.031915530175876 0.0328433403221713 0.0111302018411331 -0.0159500977776782 0.00730703833705676 0.00182658516976602 -0.0224316792565189 0.010165279264548
0.00332573596879789 0.0310884246881294 0.14035903465547 0.0726372011418825 0.0139604828580773 -0.0224316792565189 0.188896257349148 -0.00444898130862734
-0.0720519435925834 0.0947387695958566 0.0585267032759477 0.0660930055777002 -0.0348013985952299 0.010165279264548 -0.00444898130862734 0.108634814229428
