0.140630770794057 -0.0841113302887182 -0.101820445332543 -0.0391831753198084 0.0758142611908837 0.0410887928041523 -0.0855658057091316 -0.0892968208411266
-0.0841113302887182 0.0852288971344982 0.116204859567101 0.0391272115200801 -0.0623145358178884 0.0178608731112851 0.080974026391836 0.0539992973689281
-0.101820445332543 0.116204859567101 0.14329737057284 0.00428155497656201 -0.11281259063161 0.03071204451741 0.135692796773508 0.0369546092314877
-0.0391831753198084 0.0391272115200801 0.00428155497656201 0.117465679375874 -0.022299197469742 -0.0124055598779296 -0.0472881223994807 0.0784120645897894
0.0758142611908837 -0.0623145358178884 -0.11281259063161 -0.022299197469742 -0.00484194941628961 -0.0240350723311947 -0.00647700940408028 -0.00973070319796076
0.0410887928041523 0.0178608731112851 0.03071204451741 -0.0124055598779296 -0.0240350723311947 -0.0100641696315966 -0.00167603697093923 -0.0150233002389359
-0.0855658057091316 0.080974026391836 0.135692796773508 -0.0472881223994807 -0.00647700940408028 -0.00167603697093922 0.235524022341603 0.00650349431040961
-0.0892968208411266 0.0539992973689281 0.0369546092314877 0.0784120645897894 -0.00973070319796076 -0.0150233002389359 0.00650349431040962 0.0610308370278702
