0.0700024868358098 -0.0562517399125822 -0.053757635141132 -0.0468458806689763 0.0485553380810206 0.0290481993748702 0.0390471746193119 -0.0517773849206124
-0.0562517399125822 0.0898750092618024 0.105904071263706 0.0647108842195635 -0.0198078024611657 -0.00593639106007568 0.0286717570259887 0.0706425517127833
-0.053757635141132 0.105904071263706 0.129254965952746 0.0608314152125476 -0.0261582426461922 0.01406154787476 0.0470020431831983 0.0943412682760029
-0.0468458806689763 0.0647108842195634 0.0608314152125476 0.08853154450726 -0.0419712700496685 -0.0217252174370289 0.0403649181940165 0.055862439847412
0.0485553380810206 -0.0198078024611657 -0.0261582426461923 -0.0419712700496685 -0.0242579478412931 0.0210988874772114 0.0061130542975314 0.00604447172401579
0.0290481993748702 -0.00593639106007569 0.01406154787476 -0.0217252174370289 0.0210988874772114 -0.0247861505702093 0.0189511849490716 0.0106931529905525
0.0390471746193119 0.0286717570259887 0.0470020431831983 0.0403649181940165 0.0061130542975314 0.0189511849490716 0.126547506093389 0.00529516426974503
-0.0517773849206124 0.0706425517127833 0.0943412682760029 0.055862439847412 0.00604447172401579 0.0106931529905525 0.00529516426974503 0.0685466951159778
