0.0400890843483912 -0.0432966957390102 -0.0512412644066468 -0.00279595319645255 0.0289639272134573 0.0177936144982707 -0.00897388911898763 -0.0219523154446289
-0.0432966957390102 0.0866839213853978 0.0872852199359896 -0.0155554123360496 -0.00772585486816801 0.00290318749542614 0.067072806690984 0.0419400173615718
-0.0512412644066468 0.0872852199359896 0.131765755408981 -0.0471746731679367 -0.0434029994290035 0.0125055102871299 0.0711629376696886 0.044806638654851
-0.00279595319645255 -0.0155554123360496 -0.0471746731679367 0.0904397010470859 -0.0166616448039499 -0.0133155941720327 -0.0636383224985562 0.0576129880697598
0.0289639272134573 -0.00772585486816802 -0.0434029994290035 -0.0166616448039499 0.00199187684624711 -0.00295588706257564 0.111563825043349 -0.0353788406295351
0.0177936144982707 0.00290318749542614 0.0125055102871299 -0.0133155941720327 -0.00295588706257564 -0.0316208451667817 -0.034390085452562 0.0133728088191309
-0.00897388911898763 0.067072806690984 0.0711629376696886 -0.0636383224985562 0.111563825043349 -0.034390085452562 0.217285043945207 -0.0445987820127787
-0.0219523154446289 0.0419400173615718 0.044806638654851 0.0576129880697598 -0.0353788406295351 0.0133728088191309 -0.0445987820127787 0.0893996294877853
