0.0608936900944597 -0.0521361048605246 -0.0469901818725585 -0.0306385808447765 0.0634444901297451 0.0261253979656513 -0.014362295179923 -0.0377944954367821
-0.0521361048605246 0.0660314750354168 0.0687345510725981 0.0115546038542648 -0.0257545018014233 0.0137747877920242 0.0399636561852574 0.024327012541705
-0.0469901818725585 0.0687345510725981 0.0553015372278219 -0.00575614827233093 -0.0520605871347844 -0.00404697197167865 0.0625899773999547 0.0137488279010416
-0.0306385808447765 0.0115546038542648 -0.00575614827233093 0.0775140282466299 -0.0164408484371446 -0.0167639143907527 0.00737454173262268 0.0411084988331322
0.0634444901297451 -0.0257545018014233 -0.0520605871347844 -0.0164408484371446 -0.0237108568014019 0.0218682281561392 0.0300442518202741 -0.0259908551333992
0.0261253979656513 0.0137747877920242 -0.00404697197167865 -0.0167639143907527 0.0218682281561392 -0.0241010185317053 -0.0116082767701206 -0.00233827822287801
-0.014362295179923 0.0399636561852574 0.0625899773999547 0.00737454173262268 0.0300442518202741 -0.0116082767701206 0.103623324279638 -0.0351322085890993
-0.0377944954367821 0.024327012541705 0.0137488279010416 0.0411084988331322 -0.0259908551333992 -0.00233827822287801 -0.0351322085890993 0.0361394732832461
