0.0764231549953695 -0.0620136245487283 -0.0547811207370726 -0.0381359670156428 0.117204445188205 0.0191307387720796 0.113651414994415 -0.0468659257963082
-0.0620136245487283 0.105973228210341 0.0865836372897266 0.0380778007957473 -0.0786080538222175 0.0310950289385894 -0.024060263173804 0.0465485460244653
-0.0547811207370726 0.0865836372897266 0.170304105572845 0.0220388886236549 -0.0583082235757404 -0.00069936340852088 0.0201131458249915 0.0571269626396602
-0.0381359670156428 0.0380778007957473 0.0220388886236549 0.109090231153708 -0.0535960402005851 -0.0595429965633994 -0.0211908378185918 0.0488490658360939
0.117204445188205 -0.0786080538222175 -0.0583082235757404 -0.0535960402005851 0.0708081052731655 0.00162420046341065 0.132825857656208 -0.0112357793655159
0.0191307387720796 0.0310950289385894 -0.000699363408520889 -0.0595429965633994 0.00162420046341065 0.0287997508103616 -0.0130568398814531 -0.00702223124888841
0.113651414994415 -0.024060263173804 0.0201131458249915 -0.0211908378185918 0.132825857656208 -0.0130568398814531 0.234849150045236 -0.041694283996926
-0.0468659257963082 0.0465485460244653 0.0571269626396602 0.0488490658360939 -0.0112357793655159 -0.00702223124888841 -0.041694283996926 0.0913055760557892
