0.108944262038012 -0.0914873260140406 -0.0642192571214773 -0.0481746501521899 0.122100846842868 0.0522959759457853 0.00942544111111475 -0.0786550710304632
-0.0914873260140406 0.128429157352894 0.113558765038157 0.050513254341591 -0.0824228418044134 -0.0263401053436398 0.05447096431301 0.0888443970064998
-0.0642192571214773 0.113558765038157 0.0985877821764678 0.0295766947015101 -0.0619814763260471 -0.0179107455290274 0.0941239312581503 0.0532668502154721
-0.0481746501521899 0.050513254341591 0.0295766947015101 0.0708523907221361 -0.0600543939648371 -0.0485595154247886 -0.0114451658535681 0.0898322253866675
0.122100846842868 -0.0824228418044133 -0.0619814763260471 -0.0600543939648371 0.0181966357027225 0.0534294171554431 0.037193547764881 -0.07751193909041
0.0522959759457853 -0.0263401053436398 -0.0179107455290274 -0.0485595154247886 0.0534294171554431 0.0322458754399943 -0.0364124796338018 -0.0206378743019059
0.00942544111111475 0.05447096431301 0.0941239312581503 -0.0114451658535681 0.037193547764881 -0.0364124796338018 0.139246568859636 -0.0454462236722673
-0.0786550710304632 0.0888443970064998 0.0532668502154721 0.0898322253866674 -0.07751193909041 -0.0206378743019059 -0.0454462236722673 0.116403293531433
