0.0925764033373051 -0.116412128195644 -0.100158519733299 -0.00998153999718478 0.139999772012909 0.0374937188025793 0.00569394720607074 -0.103391764180514
-0.116412128195644 0.182099563985069 0.165090650424681 0.0283647002935021 -0.133928878515291 0.00829093207385697 -0.0369928876944205 0.161985188832491
-0.100158519733299 0.165090650424681 0.159755744608198 -0.0278674562610594 -0.142871601856174 0.030173649175292 0.0617754788868704 0.115754947236451
-0.00998153999718478 0.0283647002935021 -0.0278674562610594 0.0990502155914165 0.0107960818451644 -0.0422105438959616 -0.0797021963739507 0.0741335433447129
0.139999772012909 -0.133928878515291 -0.142871601856174 0.0107960818451644 0.125028562750413 0.0334360322965455 0.00481466624073235 -0.12382033904172
0.0374937188025793 0.00829093207385697 0.0301736491752919 -0.0422105438959616 0.0334360322965455 0.0244380691496398 -0.0245222149681947 -0.0253639247001703
0.00569394720607074 -0.0369928876944205 0.0617754788868704 -0.0797021963739507 0.00481466624073234 -0.0245222149681947 0.296292664765931 -0.113186627241926
-0.103391764180514 0.161985188832491 0.115754947236451 0.0741335433447129 -0.12382033904172 -0.0253639247001703 -0.113186627241926 0.159596521957636
