0.0915214358128351 -0.114113375805481 -0.0836757178296071 -0.039823637797878 0.118672295253794 0.0368683753860048 0.0565650126382178 -0.117220458191447
-0.114113375805481 0.209962463617165 0.192244016719792 0.0343905924822898 -0.101521500031908 -0.012427804426588 -0.0218865022684793 0.170195114431301
-0.0836757178296071 0.192244016719792 0.177642044774965 -0.00932654741969376 -0.0749455655616738 0.0208504382272589 0.0252988832068608 0.128650190724855
-0.039823637797878 0.0343905924822898 -0.00932654741969376 0.135690856639925 -0.0616392699496098 -0.0590796919811964 -0.0195514064858045 0.0767533365671275
0.118672295253794 -0.101521500031908 -0.0749455655616738 -0.0616392699496098 0.0730508662583583 0.029655575454341 0.0957469651422111 -0.160889450790812
0.0368683753860048 -0.012427804426588 0.0208504382272589 -0.0590796919811964 0.029655575454341 -0.00342476748745826 -0.00858131508032017 -0.0305909773987689
0.0565650126382178 -0.0218865022684793 0.0252988832068608 -0.0195514064858045 0.0957469651422111 -0.00858131508032017 0.124200287124979 -0.0773087785105638
-0.117220458191447 0.170195114431301 0.128650190724855 0.0767533365671275 -0.160889450790812 -0.0305909773987689 -0.0773087785105638 0.196241201479783
