0.133040329180127 -0.108169700081357 -0.0877255246161989 -0.0587287577118281 0.10962783884616 0.0416996697597588 0.0719736850233199 -0.154791353451719
-0.108169700081357 0.0916032479557823 0.0914125441876292 0.0307647177283909 -0.0580405882474226 -0.00874449279193015 -0.0467884013204376 0.123479580391242
-0.0877255246161989 0.0914125441876292 0.0719663394226737 0.00509085487382901 -0.0479520463294024 0.00137643526301067 0.0028223627822735 0.0870747914857203
-0.0587287577118281 0.0307647177283909 0.00509085487382901 0.0812633206240944 -0.0672901016840929 -0.0330811594581601 -0.0773529906448909 0.0762010038177277
0.10962783884616 -0.0580405882474226 -0.0479520463294024 -0.0672901016840929 -0.0159469015475237 0.0312014671702403 0.0644207781776074 -0.099342226408798
0.0416996697597588 -0.00874449279193015 0.00137643526301066 -0.0330811594581601 0.0312014671702403 0.00595822471588272 -0.0220712887566819 -0.01866517611433
0.0719736850233199 -0.0467884013204376 0.00282236278227349 -0.0773529906448909 0.0644207781776074 -0.0220712887566819 0.111384710699159 -0.118832683364066
-0.154791353451719 0.123479580391242 0.0870747914857203 0.0762010038177277 -0.099342226408798 -0.01866517611433 -0.118832683364066 0.181376270358165
