0.0964763939307474 -0.081097795519806 -0.0944024425168487 -0.041396442135687 0.110879034357605 0.0844260632065513 0.0361235219921391 -0.0944065802421362
-0.081097795519806 0.118600847395319 0.140872862097134 -0.00935993068068156 -0.0573667454643828 0.0102639602786562 0.0187836271017935 0.0722560175788722
-0.0944024425168487 0.140872862097134 0.210818858653586 -0.0164796985208205 -0.112488721459757 0.00189739420880899 0.0581999378941293 0.101446676139925
-0.041396442135687 -0.00935993068068156 -0.0164796985208205 0.124922894533054 -0.0216390285058063 -0.0896168734612919 -0.015897230390185 0.0750513329815561
0.110879034357605 -0.0573667454643828 -0.112488721459757 -0.0216390285058063 0.0155526550436432 0.0691045702402671 0.063173306715652 -0.0940414725080913
0.0844260632065513 0.0102639602786562 0.00189739420880899 -0.0896168734612919 0.0691045702402671 0.0614159197790888 0.0203807482962931 -0.0639178673269706
0.036123521992139 0.0187836271017935 0.0581999378941293 -0.015897230390185 0.0631733067156521 0.0203807482962931 0.130062242505863 -0.0372021879702366
-0.0944065802421362 0.0722560175788722 0.101446676139925 0.0750513329815561 -0.0940414725080913 -0.0639178673269706 -0.0372021879702366 0.0937696191493769
