0.0834298434267594 -0.067978021813574 -0.049666940693656 -0.0327391063856059 0.0583937194932821 0.0183229237488427 -0.0596289334578823 -0.0589422045793235
-0.067978021813574 0.140758142004368 0.141382095638206 0.0414299593246063 0.010989879940235 -0.000476946961133523 0.176188256024843 0.0295991983007343
-0.049666940693656 0.141382095638206 0.12922140317382 0.0243632898038106 0.00944878595967415 0.0211403437757177 0.194719871824595 0.000774640765186066
-0.0327391063856059 0.0414299593246063 0.0243632898038106 0.152474011325264 0.0383342459110089 -0.020249777203242 0.0607829121036486 0.0905690203654721
0.0583937194932821 0.010989879940235 0.00944878595967415 0.0383342459110089 -0.0433587805940482 0.0182894753381755 0.0615311992723667 -0.00600755317516254
0.0183229237488427 -0.000476946961133529 0.0211403437757177 -0.020249777203242 0.0182894753381754 -0.0288797517581368 -0.0141857796755827 -0.00335216600823266
-0.0596289334578823 0.176188256024843 0.194719871824595 0.0607829121036487 0.0615311992723667 -0.0141857796755827 0.296298448465638 -0.0220522383295463
-0.0589422045793235 0.0295991983007343 0.000774640765186067 0.0905690203654721 -0.00600755317516254 -0.00335216600823266 -0.0220522383295463 0.0732887407632786
