0.192943708768465 -0.151703367683324 -0.107881995344281 -0.0620279882960104 0.145939860134582 0.071218201910887 0.108393414673072 -0.151887717365967
-0.151703367683324 0.15911044313449 0.130165664824764 0.0686359311276373 -0.086047568506022 -0.0179032011284922 -0.0833904206396705 0.138477635785958
-0.107881995344281 0.130165664824764 0.136917418495976 0.0481046998121899 -0.0535469666205664 -0.0395884043312323 -0.00627293670361132 0.100778735611753
-0.0620279882960104 0.0686359311276373 0.0481046998121899 0.0737323415308515 -0.0577865555763168 -0.0304798333112702 -0.0139139179222835 0.0602707695624078
0.145939860134582 -0.086047568506022 -0.0535469666205664 -0.0577865555763168 0.0469590748196467 0.0494183502124825 0.0914546464407048 -0.0679906356167898
0.071218201910887 -0.0179032011284922 -0.0395884043312323 -0.0304798333112702 0.0494183502124825 0.0104985913343021 -0.0230086130393146 -0.0400019731428329
0.108393414673072 -0.0833904206396705 -0.00627293670361132 -0.0139139179222836 0.0914546464407048 -0.0230086130393146 0.0849647887272463 -0.0943185359224303
-0.151887717365967 0.138477635785958 0.100778735611753 0.0602707695624078 -0.0679906356167898 -0.0400019731428329 -0.0943185359224303 0.133916473458116
