0.118185356959017 -0.129673791463795 -0.0865449674541703 -0.126626631842537 0.0795421122777346 0.0639279255436747 0.0113628426686522 -0.121242214646005
-0.129673791463795 0.237053647339797 0.187792346818924 0.120842395604705 -0.0428755619180999 0.0227363493667867 0.101215422894432 0.135279129948011
-0.0865449674541703 0.187792346818924 0.187030490629337 0.0270405205023452 -0.0585264159164224 0.0310732535501888 0.189509907749136 0.0777855370083648
-0.126626631842537 0.120842395604705 0.0270405205023452 0.30111755708967 -0.0453621389069065 -0.0848459753235637 -0.122901290029276 0.175846122262819
0.0795421122777346 -0.0428755619180999 -0.0585264159164224 -0.0453621389069065 -0.0626244464414196 0.0605869711444972 0.0309515138843066 -0.0389384892706609
0.0639279255436747 0.0227363493667867 0.0310732535501888 -0.0848459753235637 0.0605869711444972 0.0239552544412809 0.0605509652433987 -0.025833171352749
0.0113628426686522 0.101215422894432 0.189509907749136 -0.122901290029276 0.0309515138843066 0.0605509652433987 0.295283106483673 -0.0270088798108666
-0.121242214646005 0.135279129948011 0.0777855370083648 0.175846122262819 -0.0389384892706609 -0.025833171352749 -0.0270088798108666 0.160904473387616
