0.0453286753705637 -0.0362099198169393 -0.0305194758930571 0.00335019372513587 0.0492416105715875 0.0354044475696089 -0.0189536292202993 -0.0253765626282083
-0.0362099198169393 0.139232857555612 0.138693358654147 -0.040303891806151 0.00654701631171512 0.0588435650243012 0.102852957093282 -0.0034019910223529
-0.0305194758930571 0.138693358654147 0.119044142288156 -0.0454645853042936 -0.014464844082977 0.0500310543556455 0.122753346085783 -0.0196350104607068
0.00335019372513587 -0.040303891806151 -0.0454645853042936 0.170599372446255 0.00358880306835919 -0.0434653218337143 -0.0391352566384982 0.0831365399229333
0.0492416105715875 0.00654701631171512 -0.014464844082977 0.00358880306835918 0.0353184494581512 0.0406162164852803 0.0623509508866592 -0.0158400369298
0.0354044475696089 0.0588435650243012 0.0500310543556455 -0.0434653218337143 0.0406162164852803 0.0342777538191812 -0.00288645601850599 -0.0155470612464683
-0.0189536292202992 0.102852957093282 0.122753346085783 -0.0391352566384982 0.0623509508866592 -0.00288645601850599 0.0980920483891811 -0.03890310327108
-0.0253765626282083 -0.0034019910223529 -0.0196350104607068 0.0831365399229333 -0.0158400369298 -0.0155470612464683 -0.03890310327108 0.0878360836394679
