0.157880979106053 -0.120545639447181 -0.0813437109338893 -0.0265285428733203 0.1112298999703 0.0329067925073661 0.10864902435559 -0.0980411961177648
-0.120545639447181 0.174167838261132 0.142457151078839 -0.0163118750128224 -0.0427800753551796 0.0584334380877216 -0.0392071089195231 0.0880762574308281
-0.0813437109338893 0.142457151078839 0.115307497884914 -0.0407494746100888 -0.0446783113587944 0.0570707799704368 -0.00628876947614666 0.0312374151267754
-0.0265285428733203 -0.0163118750128223 -0.0407494746100888 0.123164610225277 -0.0318604764510539 -0.0610520289404165 -0.00500139354273857 0.0676567443665255
0.1112298999703 -0.0427800753551796 -0.0446783113587944 -0.0318604764510539 -0.0292123807258821 0.0321433655244547 0.0748744290647134 -0.0293666422387632
0.0329067925073661 0.0584334380877216 0.0570707799704368 -0.0610520289404165 0.0321433655244547 0.0322104193502787 -0.012086825086715 -0.00732285390188376
0.10864902435559 -0.0392071089195231 -0.00628876947614666 -0.00500139354273857 0.0748744290647134 -0.012086825086715 0.10934770354079 -0.0646932999429681
-0.0980411961177648 0.0880762574308281 0.0312374151267754 0.0676567443665255 -0.0293666422387632 -0.00732285390188376 -0.0646932999429681 0.091171892119584
