0.0958711253466649 -0.0736388648059896 -0.00311026795213375 -0.0288250013095181 0.0813681339469102 0.0608901301102656 0.118820940962538 -0.0785324017392132
-0.0736388648059896 0.130122531729405 0.0916969051823703 0.0178634998740129 -0.0126925946181886 0.00351723975512772 -0.0809276874207444 0.0900248871335959
-0.00311026795213375 0.0916969051823703 0.147903011352119 -0.00129624124798637 0.010067286723306 0.0438279708359467 0.0434990905831839 0.0519040860190939
-0.0288250013095181 0.0178634998740129 -0.00129624124798637 0.17771180072106 -0.0904747106985944 -0.0211400294016961 -0.0153883055921095 0.0985265496009853
0.0813681339469102 -0.0126925946181886 0.010067286723306 -0.0904747106985944 0.0414705610482374 0.0380235689364054 0.0957949160952698 -0.0825391238975627
0.0608901301102656 0.00351723975512773 0.0438279708359467 -0.0211400294016961 0.0380235689364054 0.00641689241433456 0.0441962073054895 -0.0169048432056314
0.118820940962538 -0.0809276874207444 0.0434990905831839 -0.0153883055921095 0.0957949160952698 0.0441962073054895 0.11132151254423 -0.115128194009587
-0.0785324017392132 0.0900248871335959 0.0519040860190939 0.0985265496009853 -0.0825391238975627 -0.0169048432056314 -0.115128194009587 0.102818233949823
