0.136269528828192 -0.072368380857883 -0.0798809968798194 -0.029804390520788 0.0972236218952997 0.0176037398416853 -0.0111394458767025 -0.116341815452185
-0.072368380857883 0.107516970960436 0.0869055525826018 0.0832810951634273 -0.0232890536638962 0.0573439859670004 0.0275206917683406 0.0812738052292631
-0.0798809968798194 0.0869055525826018 0.128445216916882 0.0312459123342471 -0.0865815841881345 0.0404247105801018 0.0133776994785163 0.0754770222361921
-0.029804390520788 0.0832810951634273 0.0312459123342471 0.21495959936743 -0.0733524182133418 0.00795065952673109 0.00755275207913735 0.0709028116410114
0.0972236218952997 -0.0232890536638962 -0.0865815841881345 -0.0733524182133418 -0.0115222729490059 -0.00867301256018237 0.097041754456698 -0.0802754127040446
0.0176037398416853 0.0573439859670004 0.0404247105801018 0.0079506595267311 -0.00867301256018237 0.0472070842036973 -0.0901262386052544 0.045322485255456
-0.0111394458767025 0.0275206917683406 0.0133776994785163 0.00755275207913736 0.097041754456698 -0.0901262386052544 0.360784735415652 -0.0596418902601069
-0.116341815452185 0.0812738052292631 0.0754770222361921 0.0709028116410114 -0.0802754127040446 0.045322485255456 -0.0596418902601069 0.116576339218896
