0.150408379579984 -0.142046063628823 -0.062323007699544 -0.0668186015193074 0.134339996325915 0.0686226697544792 0.0342761907551072 -0.124775697326734
-0.142046063628823 0.196824216098986 0.126971163499958 0.0547952186443428 -0.0879013853079991 -0.0174230668387896 0.0110816015735069 0.13410683622284
-0.062323007699544 0.126971163499958 0.0874183483860727 0.0168554522566152 -0.0108822676066967 0.00371499654047435 0.0976704981756801 0.0585317965168883
-0.0668186015193074 0.0547952186443428 0.0168554522566152 0.0984895972632796 -0.0706475772184964 -0.0322998561840317 -0.0783256989031891 0.117262488963387
0.134339996325915 -0.0879013853079991 -0.0108822676066967 -0.0706475772184964 0.0706452921560403 0.0713583415377669 0.133528196476601 -0.110558250292966
0.0686226697544793 -0.0174230668387896 0.00371499654047434 -0.0322998561840317 0.0713583415377669 0.0146845357719531 0.0100092030004741 -0.0350537973836166
0.0342761907551072 0.0110816015735069 0.0976704981756801 -0.0783256989031891 0.133528196476601 0.0100092030004741 0.294542904329867 -0.102369942094177
-0.124775697326734 0.13410683622284 0.0585317965168883 0.117262488963387 -0.110558250292966 -0.0350537973836166 -0.102369942094177 0.123459755448143
