0.0773089152048388 -0.0521703083846081 -0.0462296325169326 -0.0528978931195037 0.0654615958560299 0.0493063778342945 0.0282525839611187 -0.06888467379962
-0.0521703083846081 0.125178005426739 0.135084753636374 -0.0255059838651225 -0.010399761764448 0.0295011613880441 0.0286252019035428 0.0383246881443388
-0.0462296325169326 0.135084753636374 0.151994199065758 -0.0296875005197121 0.00548943025067332 0.0308908959774893 0.141514655111985 0.0278170333565947
-0.0528978931195037 -0.0255059838651225 -0.0296875005197121 0.189316244787041 -0.0620155141199683 -0.0706730894928505 -0.0660347800472323 0.108064780190615
0.0654615958560299 -0.010399761764448 0.00548943025067332 -0.0620155141199683 0.0217744903101532 0.0420820057289084 0.0618348010474677 -0.0161143557731911
0.0493063778342945 0.0295011613880441 0.0308908959774893 -0.0706730894928505 0.0420820057289084 0.0175011322463805 -0.000504306036028909 -0.016161062117058
0.0282525839611186 0.0286252019035428 0.141514655111985 -0.0660347800472323 0.0618348010474677 -0.000504306036028908 0.25504485408995 -0.103259349457984
-0.06888467379962 0.0383246881443388 0.0278170333565947 0.108064780190615 -0.0161143557731911 -0.016161062117058 -0.103259349457984 0.148747839295656
