0.0959421180737371 -0.0562536839316512 -0.0489272097674502 -0.0713423984052456 0.0737600847016383 0.0294368655398501 0.0227548659874595 -0.0811991353357852
-0.0562536839316512 0.0860685526143102 0.0656433543767786 0.0366752901609367 -0.0449207702924489 0.0152642915920609 -0.0185903560176874 0.0553586712079148
-0.0489272097674502 0.0656433543767786 0.100546803836757 0.0244898577477821 -0.0658240226363568 -0.00951397997823168 0.0152906417645146 0.0417779862396297
-0.0713423984052456 0.0366752901609367 0.0244898577477821 0.174222321768246 -0.0204060530111707 0.00633657924574505 -0.00035375233293155 0.0813100167508754
0.0737600847016383 -0.0449207702924489 -0.0658240226363568 -0.0204060530111707 0.0326045119465677 0.0317337470824026 0.0494395443297016 -0.0434286133292926
0.0294368655398501 0.0152642915920609 -0.00951397997823167 0.00633657924574505 0.0317337470824026 0.0188758933869853 -0.0107232057421315 0.00153873735478002
0.0227548659874595 -0.0185903560176874 0.0152906417645146 -0.000353752332931549 0.0494395443297016 -0.0107232057421315 0.0252051328413426 -0.0259019182592172
-0.0811991353357852 0.0553586712079149 0.0417779862396297 0.0813100167508754 -0.0434286133292926 0.00153873735478002 -0.0259019182592172 0.0830492269878518
