0.0397854134504783 -0.0302833596854323 -0.0345062466336342 4.45526709606912e-05 0.0363202023682027 0.0105158122554572 0.00649929388831669 -0.0305990178575665
-0.0302833596854323 0.0589440912745692 0.0934643909838575 0.0118998858221889 0.0185103225706534 0.0148583051380213 0.0932186794241392 0.0248363145904547
-0.0345062466336342 0.0934643909838575 0.174223655642105 -0.0490529659047606 -0.0221023135136367 0.0606633621150898 0.192913969819445 0.027167901166788
4.45526709606931e-05 0.0118998858221889 -0.0490529659047606 0.199243289315233 -0.0655945257281663 -0.0435792293747209 -0.046679296345486 0.0362558153727135
0.0363202023682026 0.0185103225706534 -0.0221023135136367 -0.0655945257281663 0.0454702970081972 0.0204430346503895 0.0831735284118384 -0.0436137424488763
0.0105158122554572 0.0148583051380213 0.0606633621150898 -0.0435792293747209 0.0204430346503895 -0.0137367823120716 0.0446753489842341 0.00610038662325041
0.00649929388831669 0.0932186794241392 0.192913969819445 -0.046679296345486 0.0831735284118384 0.0446753489842341 0.310015109756702 -0.0558530807909261
-0.0305990178575665 0.0248363145904548 0.027167901166788 0.0362558153727135 -0.0436137424488763 0.00610038662325041 -0.0558530807909261 0.0507302108831517
