0.110037001937556 0.0322839412650257 0.0491184516916294 -0.0540350291012919 0.156006244313455 0.102852015912935 0.0769468681066766 -0.0766419530133576
0.0322839412650257 0.187875564815723 0.25520598165894 -0.0389525833471514 0.150132436880588 0.103873878151742 0.168676169507453 0.00177995901702639
0.0491184516916294 0.25520598165894 0.322464083148203 -0.0505758421697561 0.128525598863064 0.125045881261632 0.171891773870696 -0.027657905889908
-0.0540350291012919 -0.0389525833471514 -0.0505758421697561 0.18268168563293 -0.152533960024502 -0.0683817565904911 -0.127773370136982 0.111303334797887
0.156006244313455 0.150132436880588 0.128525598863064 -0.152533960024502 0.192791083649508 0.155150878486901 0.250891807774966 -0.136396360427953
0.102852015912935 0.103873878151742 0.125045881261632 -0.0683817565904911 0.155150878486901 0.0179647013314152 0.125213183324684 -0.0450388349402238
0.0769468681066766 0.168676169507453 0.171891773870696 -0.127773370136982 0.250891807774966 0.125213183324684 0.255668059859229 -0.0881133839847566
-0.0766419530133576 0.00177995901702639 -0.027657905889908 0.111303334797887 -0.136396360427953 -0.0450388349402237 -0.0881133839847567 0.106645431482059
