0.13121268035608 -0.0983303664846036 -0.0834767982506461 -0.0840086344758082 0.054542578873643 0.091290371243753 -0.0562679246685699 -0.115221494750978
-0.0983303664846036 0.121457217769728 0.138516864672241 0.087915452393167 -0.0374429559463106 -0.0293327827142651 0.116738399549256 0.113740720581789
-0.0834767982506461 0.138516864672241 0.133444392432212 0.0397157722442945 -0.0550277142469877 0.00107390183433766 0.119757494581146 0.112654892513754
-0.0840086344758082 0.087915452393167 0.0397157722442945 0.187129519097478 -0.0161162442502852 -0.0721711959286816 0.0404348106477789 0.12437261990895
0.054542578873643 -0.0374429559463106 -0.0550277142469877 -0.0161162442502852 0.00770766963894432 0.00566667704758223 -0.0369217704877826 -0.0262929239531428
0.091290371243753 -0.0293327827142651 0.00107390183433765 -0.0721711959286816 0.00566667704758224 0.0341241683540381 -0.0263093254681914 -0.0568083205710253
-0.0562679246685699 0.116738399549256 0.119757494581146 0.0404348106477789 -0.0369217704877826 -0.0263093254681914 0.081340418711906 0.0933473409111595
-0.115221494750978 0.113740720581789 0.112654892513754 0.12437261990895 -0.0262929239531428 -0.0568083205710253 0.0933473409111595 0.160454362400284
