0.108707071135787 -0.0413080056652836 -0.0582424693505077 -0.0903081008235361 0.0939768736936629 0.038134124358619 -0.0278663271423127 -0.0979489053120047
-0.0413080056652836 0.106217874137595 0.142203878512752 -0.0152088668446526 -0.0189310925005691 0.0421168066589647 0.0822762898152382 0.0541205769534329
-0.0582424693505077 0.142203878512752 0.182245573763582 -0.0392739594063778 -0.0509990739757009 0.0524134495355956 0.128047985669788 0.0514733001723898
-0.0903081008235361 -0.0152088668446526 -0.0392739594063778 0.169184417042628 -0.0581693593341964 -0.0454693236715499 -0.0225740783842481 0.118504959269315
0.0939768736936629 -0.0189310925005691 -0.0509990739757009 -0.0581693593341964 -0.0341071541129558 0.0241424403416506 0.00507517415914743 -0.0550563050766101
0.038134124358619 0.0421168066589647 0.0524134495355956 -0.0454693236715499 0.0241424403416506 0.0316037846935426 0.0139397125847234 -0.0342223701470542
-0.0278663271423127 0.0822762898152382 0.128047985669788 -0.0225740783842481 0.00507517415914743 0.0139397125847234 0.147670971854779 0.0277621451524031
-0.0979489053120047 0.0541205769534329 0.0514733001723898 0.118504959269315 -0.0550563050766101 -0.0342223701470542 0.0277621451524031 0.122256077300302
