0.0989600998208466 -0.0705189681372934 -0.0628689609808894 -0.0102065723460711 0.104215425031801 0.0599013902232133 0.113878927154085 -0.0457970724976038
-0.0705189681372934 0.135570963416249 0.113712730475044 0.0143092466950322 -0.0748699569142759 -0.0209692429262483 -0.0404655363467471 0.0449684292912448
-0.0628689609808894 0.113712730475044 0.116137522308528 0.0154759560980745 -0.0861687457948557 -0.0414392517505613 -0.0425236456870166 0.0493123283402967
-0.0102065723460711 0.0143092466950322 0.0154759560980745 0.00343488079917393 -0.014006376032166 -0.0149815460537977 -0.00230551302274742 0.0194369513088984
0.104215425031801 -0.0748699569142759 -0.0861687457948557 -0.014006376032166 0.112472425300707 0.0994828431564846 0.149888336963724 -0.0433261393665328
0.0599013902232133 -0.0209692429262483 -0.0414392517505613 -0.0149815460537977 0.0994828431564846 0.0202947228875451 0.0832959529583296 -0.0302071566794841
0.113878927154085 -0.0404655363467471 -0.0425236456870166 -0.00230551302274742 0.149888336963724 0.0832959529583296 0.2511547012496 -0.0523674875751171
-0.0457970724976038 0.0449684292912448 0.0493123283402967 0.0194369513088984 -0.0433261393665328 -0.0302071566794841 -0.0523674875751171 0.0116628468483735
