0.124657139632011 -0.0867595473600773 -0.0846138774536407 -0.0425208645326475 0.123812526261757 0.0660902088831127 0.0558507436008998 -0.0597371363325273
-0.0867595473600773 0.161369344334466 0.172255588336116 0.00362693228943427 -0.0661414609744411 0.00795500786391517 -0.040936966344218 0.0784259202455608
-0.0846138774536407 0.172255588336116 0.184432725735767 -0.00868787892342495 -0.0965747232431757 -0.0186141356371602 -0.0325504090830767 0.0812285001883285
-0.0425208645326475 0.00362693228943427 -0.00868787892342495 0.110192010161241 -0.0238545604641915 -0.075551111479578 -0.00324674166021224 0.0549514879457142
0.123812526261757 -0.0661414609744411 -0.0965747232431758 -0.0238545604641915 0.0389786550270535 0.082274455565949 0.072421785937764 -0.0448505345999087
0.0660902088831127 0.00795500786391517 -0.0186141356371602 -0.075551111479578 0.082274455565949 0.0542906260167106 -0.00203636558648381 -0.0305622627239669
0.0558507436008997 -0.040936966344218 -0.0325504090830767 -0.00324674166021223 0.072421785937764 -0.00203636558648381 0.164665401150685 -0.0566176499337178
-0.0597371363325273 0.0784259202455608 0.0812285001883285 0.0549514879457142 -0.0448505345999087 -0.0305622627239669 -0.0566176499337178 0.0533371448689977
