0.0723871112254988 -0.0445672817465416 -0.063428625183698 -0.0403031662361797 0.0328490804682027 0.0467944174287679 0.012677230712037 -0.0493772863156541
-0.0445672817465416 0.110324392172915 0.111962874481025 0.0523142766036861 -0.0308172778344545 -0.00304035557399934 0.0427840086706011 0.0541950819276467
-0.063428625183698 0.111962874481025 0.114602432734753 0.0486537282725674 -0.0229867256076423 -0.0304020289696128 0.0703357078008329 0.057395237320806
-0.0403031662361797 0.0523142766036861 0.0486537282725675 0.10113724618747 -0.0285947428838289 -0.0402522401656284 0.0341172555151295 0.0862391849677332
0.0328490804682027 -0.0308172778344545 -0.0229867256076423 -0.0285947428838289 -0.0326485733839317 -0.00291702514642649 0.0438198078224269 -0.022782814159303
0.0467944174287679 -0.00304035557399934 -0.0304020289696128 -0.0402522401656284 -0.00291702514642649 0.0122361859235194 -0.0358583505464069 -0.00981619014562491
0.012677230712037 0.0427840086706011 0.0703357078008329 0.0341172555151295 0.0438198078224269 -0.0358583505464069 0.0942926223819362 -0.00418263532666496
-0.0493772863156541 0.0541950819276467 0.057395237320806 0.0862391849677332 -0.022782814159303 -0.00981619014562491 -0.00418263532666496 0.0802291789140848
