0.0490655037197147 -0.0182596724941957 0.016332358174163 -0.0387012551214872 0.0826063968540027 0.0757250247165235 0.00531414222547001 -0.0373717114283892
-0.0182596724941957 0.103628773233922 0.0946869088674941 -0.0196033244645743 -0.0195548924607858 0.049252637336372 0.0665862548475585 0.0273758254357058
0.016332358174163 0.0946869088674941 0.113500483821291 -0.0295288850752858 -0.0156719972421622 0.0867329570356462 0.087408179138555 0.023438284065808
-0.0387012551214872 -0.0196033244645743 -0.0295288850752858 0.133760782705669 -0.0284750137587027 -0.100529335759158 -0.0424179641259847 0.0996420005023343
0.0826063968540027 -0.0195548924607858 -0.0156719972421622 -0.0284750137587027 0.0494495927991752 0.0525473110231413 -0.013924253315105 -0.0585514358006735
0.0757250247165235 0.049252637336372 0.0867329570356462 -0.100529335759158 0.0525473110231413 0.11792102975368 0.00356024005941739 -0.0504043407806378
0.00531414222547001 0.0665862548475585 0.087408179138555 -0.0424179641259847 -0.013924253315105 0.00356024005941738 0.147921945901552 0.00771747466458936
-0.0373717114283892 0.0273758254357058 0.023438284065808 0.0996420005023343 -0.0585514358006735 -0.0504043407806378 0.00771747466458936 0.0793340319058678
