0.0730057997072778 -0.0653557012491359 -0.0724823405748941 0.00523411044824737 0.0979538888754076 0.0152349091765209 -0.0099924210277931 -0.0781206895609261
-0.0653557012491359 0.0776801068605353 0.10134918388905 -0.00483701417783348 -0.0528600916706344 -0.0032707750071663 0.0460631217266703 0.0722939036509468
-0.0724823405748941 0.10134918388905 0.101752178561193 -0.00304200262141605 -0.0731691061399212 0.00126750773890477 0.0753852897711559 0.100310744757898
0.00523411044824737 -0.00483701417783348 -0.00304200262141605 0.0389545750710103 0.0173482898090344 -0.0177752665020944 -0.00195481338479896 0.0237777978202717
0.0979538888754076 -0.0528600916706344 -0.0731691061399212 0.0173482898090344 0.0261719480685405 0.0166106812765525 -0.00116603078210213 -0.0946680926985856
0.0152349091765209 -0.0032707750071663 0.00126750773890478 -0.0177752665020944 0.0166106812765525 -0.0473571792812163 0.00230842720409078 -0.00285218580325351
-0.0099924210277931 0.0460631217266703 0.0753852897711559 -0.00195481338479897 -0.00116603078210214 0.00230842720409078 0.0391013911939281 0.062655455948997
-0.0781206895609261 0.0722939036509468 0.100310744757898 0.0237777978202717 -0.0946680926985856 -0.00285218580325351 0.062655455948997 0.120390236817531
