0.07736101262102 -0.0451820326320198 -0.0422788452561269 -0.0510245898392752 0.0749098083794584 0.0853954387711368 -0.00370221208833734 -0.0574194277583802
-0.0451820326320198 0.0637723645055038 0.0830678511550616 0.0108442051975058 -0.020130665278611 -0.0343276205399933 0.0865932769525904 0.0214477846938823
-0.0422788452561269 0.0830678511550616 0.10468114505669 -0.00129254339925003 -0.0289100612624489 -0.0516381858552478 0.12395686677785 0.00708192973577822
-0.0510245898392752 0.0108442051975058 -0.00129254339925003 0.142380475697904 -0.0230270275894974 -0.0577585881781816 -0.0520783140514663 0.12735409687068
0.0749098083794584 -0.020130665278611 -0.0289100612624489 -0.0230270275894974 -0.03280928318513 0.053882384852167 0.0102514403469469 -0.03800991748201
0.0853954387711368 -0.0343276205399933 -0.0516381858552479 -0.0577585881781816 0.053882384852167 0.0516802202961427 -0.025335510852189 -0.06040616880606
-0.00370221208833734 0.0865932769525904 0.12395686677785 -0.0520783140514663 0.0102514403469469 -0.025335510852189 0.208801711845261 -0.0673095123970008
-0.0574194277583802 0.0214477846938823 0.00708192973577822 0.12735409687068 -0.03800991748201 -0.06040616880606 -0.0673095123970008 0.131206805639928
