0.09688215951844 -0.0792060763857844 -0.069451995142253 -0.0685226444130322 0.0954699977626171 0.0500003655805672 -0.000448494174127586 -0.0980296873586886
-0.0792060763857844 0.0867213252369024 0.105866795436201 0.0499759972563445 -0.0539017475205178 0.00423049520157264 0.0477379984870745 0.0952780089251059
-0.069451995142253 0.105866795436201 0.110833226266747 0.0641865830557645 -0.0842506372174854 0.0234878682128817 0.0810260607292671 0.0946410886374943
-0.0685226444130322 0.0499759972563445 0.0641865830557645 0.115450825139461 -0.0907594573095765 -0.0205523021864099 -0.037608737570813 0.108207756696718
0.0954699977626171 -0.0539017475205178 -0.0842506372174854 -0.0907594573095765 0.0565360045966719 0.0144022771353692 0.0262438689215052 -0.0969681122121444
0.0500003655805672 0.00423049520157264 0.0234878682128817 -0.0205523021864099 0.0144022771353692 0.010785209774318 0.024163413196166 -0.0257863710701408
-0.000448494174127585 0.0477379984870745 0.0810260607292671 -0.037608737570813 0.0262438689215052 0.024163413196166 0.0612407207255247 0.00381838800152564
-0.0980296873586886 0.0952780089251059 0.0946410886374943 0.108207756696718 -0.0969681122121444 -0.0257863710701408 0.00381838800152564 0.102015640692848
