0.0636609049763526 -0.0660035029713948 -0.0619725774376837 -0.0106755346349517 0.0867347791964431 0.0314022146691387 0.0322994009894453 -0.0713236757563621
-0.0660035029713948 0.111508566732173 0.132326587286857 0.0163914325454032 -0.0284610375009813 0.0101759580011126 0.0167704277805637 0.105351295021876
-0.0619725774376837 0.132326587286857 0.216542385624722 -0.0531414970837329 -0.0401142016002298 0.0467164310191765 0.0204519050091362 0.100235633896826
-0.0106755346349517 0.0163914325454032 -0.0531414970837329 0.130088384733008 0.017841002885373 -0.0439490207568962 -0.000192781849506239 0.0341454991254634
0.0867347791964431 -0.0284610375009813 -0.0401142016002298 0.017841002885373 0.0543175762785449 0.0158621999796683 0.0751378469014397 -0.032306797554405
0.0314022146691387 0.0101759580011126 0.0467164310191765 -0.0439490207568962 0.0158621999796683 -0.0120420241044043 0.000607023461052808 -0.00915924162557638
0.0322994009894453 0.0167704277805637 0.0204519050091362 -0.000192781849506239 0.0751378469014397 0.000607023461052804 0.025714037992586 -0.000997643482578207
-0.0713236757563621 0.105351295021876 0.100235633896826 0.0341454991254634 -0.032306797554405 -0.00915924162557638 -0.000997643482578211 0.0935993247041607
