0.0665408162537842 -0.0304364346658035 -0.017122241371376 -0.0173958041674966 0.0729789015560996 0.0528283108367921 0.00279053593817559 -0.0432086716067533
-0.0304364346658035 0.0492148998278036 0.0492137455871921 -0.012252006011455 -0.00609246499879681 0.0297521456706751 -0.00489643037165253 0.0304746219116198
-0.017122241371376 0.0492137455871921 0.0743053141830253 -0.0189737633874017 0.0111388228459536 0.017371904126415 0.0977866222828075 0.00962604934318098
-0.0173958041674966 -0.012252006011455 -0.0189737633874017 0.0644030036337365 -0.0641681534351914 -0.0482164154225245 -0.0108716459223453 0.0589753744398109
0.0729789015560996 -0.00609246499879681 0.0111388228459536 -0.0641681534351914 0.0758844679741642 0.0999029805316691 0.00583555679847682 -0.0709588974899575
0.0528283108367921 0.0297521456706751 0.017371904126415 -0.0482164154225245 0.0999029805316691 0.0441765265608263 -0.0270310005476151 -0.0319361016701131
0.00279053593817558 -0.00489643037165253 0.0977866222828075 -0.0108716459223453 0.00583555679847682 -0.0270310005476151 0.201211943724225 -0.0639290299284797
-0.0432086716067533 0.0304746219116198 0.00962604934318097 0.0589753744398109 -0.0709588974899575 -0.0319361016701131 -0.0639290299284797 0.0501758409910371
