0.0543922195096447 -0.0291908800164149 -0.0254793780958512 -0.0523477781021061 0.0593054139965264 0.041782505192254 0.066409100492174 -0.0715733082837755
-0.0291908800164149 0.126812329304625 0.130690330122471 0.0352924257393053 0.0100149526491586 0.0303364035946468 0.0732847517212058 0.0691875934674923
-0.0254793780958512 0.130690330122471 0.12450068215573 0.0218539451918046 0.00459775863441805 0.0347298178742542 0.121919814043403 0.0317236812376123
-0.0523477781021062 0.0352924257393053 0.0218539451918046 0.191097144676636 -0.0515253987392392 -0.074744398606879 -0.0372417591119431 0.169561716537708
0.0593054139965264 0.0100149526491586 0.00459775863441805 -0.0515253987392392 -0.0103193933210843 0.0299524935714108 0.101345396432885 -0.0522530323356711
0.041782505192254 0.0303364035946468 0.0347298178742542 -0.074744398606879 0.0299524935714108 0.0316515505316214 0.0142371245478991 -0.051008102543656
0.066409100492174 0.0732847517212058 0.121919814043403 -0.0372417591119431 0.101345396432885 0.0142371245478991 0.237860346341389 -0.0847941409944749
-0.0715733082837755 0.0691875934674923 0.0317236812376123 0.169561716537708 -0.0522530323356711 -0.051008102543656 -0.0847941409944749 0.165121043507517
