0.0762483858477968 -0.0544080787649885 -0.0390165217420955 -0.00163285240162982 0.0745493678221613 0.0784202508663392 0.0204069082720318 -0.0699089805933782
-0.0544080787649885 0.097773089744034 0.0904358946216181 -0.0233167972697483 -0.0344587055659331 0.0157468134628026 0.00393412616670532 0.0665897860500622
-0.0390165217420955 0.0904358946216181 0.110491718898971 -0.0331465727696629 -0.0270544943914062 0.00157744769399252 0.0791703326945484 0.0635669844346733
-0.00163285240162982 -0.0233167972697483 -0.0331465727696629 0.167490450886239 -0.0318651148386916 -0.0630906468977271 -0.0421851640289773 0.0935254060590536
0.0745493678221613 -0.0344587055659331 -0.0270544943914062 -0.0318651148386916 -0.0624866901276776 0.0625891818638181 0.040032177677706 -0.0713175666112301
0.0784202508663392 0.0157468134628026 0.00157744769399252 -0.0630906468977271 0.0625891818638181 0.111935169221998 -0.0675200064271637 -0.062528245789416
0.0204069082720318 0.00393412616670532 0.0791703326945484 -0.0421851640289773 0.040032177677706 -0.0675200064271637 0.254241175146075 -0.0367640670320838
-0.0699089805933782 0.0665897860500622 0.0635669844346733 0.0935254060590536 -0.0713175666112301 -0.062528245789416 -0.0367640670320838 0.123726245356081
