0.0898836711051868 -0.0639691528111878 -0.0699781338592856 -0.0390524959377669 0.0633947722728615 0.0355490370484225 0.047354637477448 -0.11133873729917
-0.0639691528111878 0.090623566214132 0.0930779558857782 0.0248147146719243 -0.0101616636280117 0.0335781485239182 -0.0214394349740488 0.108982987772589
-0.0699781338592856 0.0930779558857782 0.142228667048682 -0.00372218354315175 -0.0362164973211777 0.0070658399251746 0.0328294826223156 0.112009635651668
-0.0390524959377669 0.0248147146719243 -0.00372218354315175 0.105605643349973 -0.0166915999942131 -0.0224693545741031 -0.0167556629518404 0.09395626586331
0.0633947722728615 -0.0101616636280117 -0.0362164973211777 -0.0166915999942131 -0.068631340237312 0.0302639041882698 0.0708295270345307 -0.0529699974456685
0.0355490370484225 0.0335781485239182 0.00706583992517459 -0.0224693545741031 0.0302639041882698 0.0170533118482589 -0.0531411040771445 -0.00103063940992107
0.047354637477448 -0.0214394349740488 0.0328294826223156 -0.0167556629518404 0.0708295270345307 -0.0531411040771445 0.151473065143149 -0.044189932112186
-0.11133873729917 0.108982987772589 0.112009635651668 0.0939562658633101 -0.0529699974456685 -0.00103063940992107 -0.044189932112186 0.177311699028004
