0.0933840343157467 -0.0468080742776471 -0.0519898167248951 -0.029507295414965 0.12385675675963 0.0535439001709318 -0.0149928235942078 -0.0436591579216215
-0.0468080742776471 0.054721843499626 0.0654516608293353 0.0170724544500633 -0.0626772808002757 -0.0246720957568078 0.0557865907957174 0.0380836225260864
-0.0519898167248951 0.0654516608293353 0.0781766619540026 0.0135393347674543 -0.0609390499192343 -0.028545645787221 0.103869316555936 0.0525094681873874
-0.029507295414965 0.0170724544500633 0.0135393347674543 0.0382539481163476 -0.0353163168303131 -0.0200708310790607 0.0121236229839767 0.0473166220036847
0.12385675675963 -0.0626772808002757 -0.0609390499192343 -0.035316316830313 0.0930824618817686 0.0499899341399636 -0.0217278167611568 -0.0655202547448069
0.0535439001709318 -0.0246720957568078 -0.028545645787221 -0.0200708310790607 0.0499899341399636 -0.00525497502228528 -0.0258593188075379 -0.018081805063104
-0.0149928235942078 0.0557865907957174 0.103869316555936 0.0121236229839767 -0.0217278167611568 -0.0258593188075379 0.137192449186446 0.0270115011469641
-0.0436591579216216 0.0380836225260864 0.0525094681873874 0.0473166220036847 -0.0655202547448069 -0.018081805063104 0.0270115011469641 0.0560246132116379
