0.100277640178737 -0.0523738901108664 -0.0167463487796227 -0.0517743977629049 0.103503885530892 0.0372138773520131 0.0600321122876696 -0.072531683695996
-0.0523738901108664 0.080164138923839 0.0822797454212455 0.0109520904523347 -0.0274811194613144 0.0234647780976923 0.0511702142200215 0.0486564044567505
-0.0167463487796227 0.0822797454212455 0.0810495374142485 -0.0214652552915946 -0.0106888242659406 0.0270798787860252 0.0950055962676604 0.0483906264317015
-0.0517743977629049 0.0109520904523347 -0.0214652552915946 0.160019100329196 -0.043521719679149 -0.0403385776056087 -0.0735679322031145 0.0820641708998828
0.103503885530892 -0.0274811194613144 -0.0106888242659406 -0.043521719679149 0.0206955449076783 0.0473988237188741 0.122071719589034 -0.0818174537413951
0.0372138773520131 0.0234647780976923 0.0270798787860252 -0.0403385776056087 0.0473988237188741 -0.016187335977498 0.0345281223583521 -0.0130742552242162
0.0600321122876696 0.0511702142200215 0.0950055962676604 -0.0735679322031145 0.122071719589034 0.0345281223583521 0.20107532130342 -0.0199665467014446
-0.072531683695996 0.0486564044567505 0.0483906264317015 0.0820641708998828 -0.0818174537413951 -0.0130742552242162 -0.0199665467014446 0.0875571447452964
