0.104503883188301 -0.0856345347771598 -0.0628159410531557 -0.0869815254101505 0.000863853063383968 0.0423883291333999 -0.0900601502253766 -0.0984180881169355
-0.0856345347771598 0.125031315962298 0.153091448523423 0.0554754291655469 0.0209703571728188 0.020734665107756 0.137470837908705 0.121554211610908
-0.0628159410531557 0.153091448523423 0.215375658368572 0.0137755982529668 -0.00134136761382629 0.0504473682530019 0.151513153995671 0.118480982196537
-0.0869815254101505 0.0554754291655469 0.0137755982529668 0.154982948440993 0.0133091043314502 -0.0692086567099137 0.0659147392066471 0.126275616671233
0.00086385306338396 0.0209703571728188 -0.0013413676138263 0.0133091043314502 -0.0100689905817084 0.0179667822737486 0.0972762142954039 0.011586440062254
0.0423883291333999 0.0207346651077559 0.0504473682530019 -0.0692086567099137 0.0179667822737486 0.0342768096461828 -0.0207034479933759 0.00682774785848842
-0.0900601502253766 0.137470837908705 0.151513153995671 0.0659147392066471 0.0972762142954039 -0.0207034479933759 0.206641823515576 0.0921754578442937
-0.0984180881169355 0.121554211610908 0.118480982196537 0.126275616671233 0.011586440062254 0.00682774785848842 0.0921754578442937 0.136308520099348
