0.0558577458020303 -0.0580117422619925 -0.0438329307927575 -0.0270480536731841 0.0332865465991493 0.0175591900072712 0.00397507832141013 -0.0556227625382749
-0.0580117422619925 0.166401156472085 0.142972278412875 -0.00873974657943283 0.0159956823216496 0.0331942094993274 0.0428266080612539 0.0751622728745985
-0.0438329307927575 0.142972278412875 0.107036334853037 -0.0163644327952012 0.0238748904665893 0.0103133003346482 0.0859974744139411 0.0382876797681593
-0.0270480536731841 -0.00873974657943283 -0.0163644327952012 0.107144925771161 -0.00636350982052004 -0.019548075631141 0.00105842636808808 0.0650329731512839
0.0332865465991493 0.0159956823216496 0.0238748904665893 -0.00636350982052003 -0.0813101200968712 0.0106127102051477 0.0523874882217137 0.00873937371284793
0.0175591900072712 0.0331942094993274 0.0103133003346482 -0.019548075631141 0.0106127102051477 -0.00793583648920318 -0.0407637883705982 0.0269507613941828
0.00397507832141013 0.0428266080612539 0.0859974744139411 0.00105842636808808 0.0523874882217137 -0.0407637883705982 0.0858277675040401 -0.0433323091787074
-0.0556227625382749 0.0751622728745985 0.0382876797681593 0.0650329731512839 0.00873937371284793 0.0269507613941828 -0.0433323091787074 0.0843260459877831
