0.0546407681568073 -0.0343686443235116 -0.0142741993712228 -0.0114241247595558 0.0635382731489041 0.0242443008411146 0.0163221321827977 -0.0209394803711348
-0.0343686443235116 0.0801377900897667 0.0977634591142941 0.0388352658875821 -0.0455848696770559 0.0125632395172602 0.040729360028808 0.074782423317343
-0.0142741993712228 0.0977634591142941 0.123443427498777 0.0331722420053974 -0.0634862654188285 0.0289556678000131 0.0561478441909332 0.120002399776579
-0.0114241247595558 0.0388352658875821 0.0331722420053974 0.0673760231312066 0.0226242401509998 0.00760450487617646 0.0258402182865998 0.0785604532522695
0.0635382731489041 -0.0455848696770559 -0.0634862654188285 0.0226242401509998 0.0678199404707737 0.00520333353627051 0.0875079771591813 -0.0448943466466688
0.0242443008411146 0.0125632395172602 0.0289556678000131 0.00760450487617646 0.00520333353627051 0.0134776456045739 -0.0289970263983684 0.0296354461499593
0.0163221321827977 0.040729360028808 0.0561478441909332 0.0258402182865998 0.0875079771591813 -0.0289970263983684 0.148326435194654 0.00879602331121578
-0.0209394803711348 0.074782423317343 0.120002399776579 0.0785604532522695 -0.0448943466466688 0.0296354461499593 0.00879602331121578 0.144218337879996
