0.0688451878614786 -0.0456275570068701 -0.0488653464881021 -0.00689597374803537 0.0357524849208579 0.0464993276249456 -0.0193814040894545 -0.0329833610528889
-0.0456275570068701 0.0380349452209477 0.0551837092641358 -0.00411260303961549 -0.0125398270050199 -0.00734272066892465 0.0211985908152996 0.0388238380422983
-0.0488653464881021 0.0551837092641358 0.043320092563764 -0.00220137418158554 -0.028985763286524 -0.0224776363600041 0.018987997119899 0.0361142166301662
-0.00689597374803537 -0.00411260303961549 -0.00220137418158554 0.0872100461826791 -0.0403808899699421 -0.0179675307617692 -0.00782513823873696 0.0250167675000276
0.0357524849208579 -0.0125398270050199 -0.028985763286524 -0.0403808899699421 -0.0396480773288296 0.0174877596684945 0.0691646651263925 -0.0313682100227425
0.0464993276249456 -0.00734272066892465 -0.0224776363600041 -0.0179675307617692 0.0174877596684945 0.0320173756471151 -0.0286818395024689 0.0124746204763932
-0.0193814040894545 0.0211985908152996 0.018987997119899 -0.00782513823873696 0.0691646651263925 -0.0286818395024689 -0.0206974135364706 -2.42096586773599e-06
-0.0329833610528889 0.0388238380422983 0.0361142166301662 0.0250167675000276 -0.0313682100227425 0.0124746204763932 -2.42096586773551e-06 0.0211251967867237
