0.125050399654374 -0.0590893596188077 -0.0449382679720511 -0.0460100747628675 0.0958319439172387 0.0844288937025597 0.0401613011458748 -0.0791718744832865
-0.0590893596188077 0.0650252899729309 0.0753640091856496 0.0470558360022115 -0.0491599918816233 -0.017161600690187 0.00270685306819905 0.0826982429368947
-0.0449382679720511 0.0753640091856496 0.104954311520838 0.0552220530942386 -0.0851799900798006 -0.00195910057792879 0.0509882594456516 0.0701714987515012
-0.0460100747628675 0.0470558360022115 0.0552220530942386 0.0680876735136481 -0.0624460010283577 -0.0207519372694027 0.0119430596451272 0.0692476322481518
0.0958319439172387 -0.0491599918816233 -0.0851799900798006 -0.0624460010283577 0.0294078460013825 0.0502600839398054 0.034942129451573 -0.0792409848955618
0.0844288937025597 -0.017161600690187 -0.0019591005779288 -0.0207519372694027 0.0502600839398054 0.0314154749293465 -0.0018134414151633 -0.0194601642961684
0.0401613011458748 0.00270685306819905 0.0509882594456516 0.0119430596451272 0.034942129451573 -0.0018134414151633 0.0382036567634147 -0.0328685942072502
-0.0791718744832865 0.0826982429368947 0.0701714987515012 0.0692476322481518 -0.0792409848955618 -0.0194601642961684 -0.0328685942072502 0.111160517050108
