0.0294754560032005 -0.028891897465908 -0.0259815187811095 -0.017156258843017 0.0443409525093574 0.0183986417821179 -0.0190571433329814 -0.0229946913227565
-0.028891897465908 0.0903616172443355 0.0983134599023615 0.0565574016092164 0.00117316762591478 0.0246572556517553 0.0954788058652101 0.0706417939018525
-0.0259815187811095 0.0983134599023615 0.118994948012813 0.0371856231831588 -0.00296498147205246 0.0128846855731765 0.131086428561153 0.053227167504722
-0.017156258843017 0.0565574016092164 0.0371856231831588 0.0948092764067426 -0.0105895617853793 0.0177710244592187 0.0325837144297293 0.0776918962119541
0.0443409525093574 0.00117316762591478 -0.00296498147205246 -0.0105895617853793 -0.00542944992921816 0.0200677840779315 0.0497173030361829 -0.0400256132114303
0.0183986417821179 0.0246572556517553 0.0128846855731765 0.0177710244592187 0.0200677840779315 -0.0147896432891888 0.00533261367350986 0.0201242788259346
-0.0190571433329814 0.0954788058652101 0.131086428561153 0.0325837144297293 0.0497173030361829 0.00533261367350985 0.144313748459819 -0.00157342722071138
-0.0229946913227565 0.0706417939018525 0.053227167504722 0.0776918962119541 -0.0400256132114303 0.0201242788259346 -0.00157342722071138 0.0954947077394329
