0.116820834787257 -0.0919866337879684 -0.0980455374031551 -0.0770075876454733 0.105453540857625 0.0566943677134961 0.0568918683501188 -0.0844699217206633
-0.0919866337879684 0.162626653340264 0.198461047247396 0.115551209810401 -0.0395766694780336 0.043768161634182 0.0359201232767474 0.169369854058589
-0.0980455374031551 0.198461047247396 0.194090983943967 0.103924101975608 -0.0533057053088273 0.0512177520338487 0.0528432862644834 0.163854313085833
-0.0770075876454733 0.115551209810401 0.103924101975608 0.182913398658922 -0.0440294407424366 0.012302914718973 0.0497849816885294 0.152821904838037
0.105453540857625 -0.0395766694780336 -0.0533057053088273 -0.0440294407424366 -0.0456144200510568 0.0259442912149009 0.0804711134436582 -0.0810986679032998
0.0566943677134961 0.043768161634182 0.0512177520338487 0.012302914718973 0.0259442912149009 0.104068095000391 -0.0224673412403085 0.0757915711886496
0.0568918683501188 0.0359201232767474 0.0528432862644834 0.0497849816885294 0.0804711134436582 -0.0224673412403085 0.0935637541276899 -0.04439537984534
-0.0844699217206633 0.169369854058589 0.163854313085833 0.152821904838037 -0.0810986679032997 0.0757915711886496 -0.04439537984534 0.205297802685694
