0.0722646413456267 -0.0561772631666569 -0.014823989761475 -0.0707799122911041 0.0705965619461663 0.0454531424012125 -0.00411492466981694 -0.0469051584942628
-0.0561772631666569 0.0619405731735956 0.0562886401577579 0.0295520391552484 -0.0141011161366071 0.00143608389818959 0.0481123076245006 0.0506109434716594
-0.014823989761475 0.0562886401577579 0.118533753705981 -0.0146516110836711 0.014097790736458 0.0373246790697769 0.0937715594424591 0.0269351090177223
-0.0707799122911041 0.0295520391552484 -0.0146516110836711 0.151840496657566 -0.0780161914362924 -0.0756244010500662 -0.0138327123894756 0.070998485582512
0.0705965619461663 -0.0141011161366071 0.014097790736458 -0.0780161914362924 0.0348824627091825 0.0693129630694081 0.0685300555148662 -0.0447093866386621
0.0454531424012125 0.00143608389818959 0.0373246790697768 -0.0756244010500662 0.0693129630694081 0.0225920281749838 0.0405944907401327 -0.0404582772525315
-0.00411492466981694 0.0481123076245006 0.0937715594424591 -0.0138327123894756 0.0685300555148662 0.0405944907401327 0.0372028670552529 0.0112433209513384
-0.0469051584942628 0.0506109434716594 0.0269351090177223 0.070998485582512 -0.0447093866386621 -0.0404582772525315 0.0112433209513384 0.0769327557291965
