0.0983748960481786 -0.0602879325926058 -0.0425947196442756 -0.0396207416968896 0.088748454193805 0.0424589602879598 -0.0206988884264356 -0.0842486572345767
-0.0602879325926058 0.082647304292775 0.0970590056115379 0.0108050094132743 -0.0444830654028048 0.00565712678274821 0.0596501110291994 0.061737387285376
-0.0425947196442756 0.0970590056115379 0.125207819658343 -0.0477012895201627 -0.0338814137194774 0.0205903698554081 0.121370354138247 0.0614681106005096
-0.0396207416968896 0.0108050094132743 -0.0477012895201627 0.170704155545878 -0.0312680025035833 -0.0626279562903271 -0.0408190279402581 0.0375406188939683
0.088748454193805 -0.0444830654028048 -0.0338814137194774 -0.0312680025035833 -0.0471073470586479 0.0300305417929182 -0.0139242901110823 -0.0598916043087357
0.0424589602879598 0.00565712678274821 0.0205903698554081 -0.0626279562903271 0.0300305417929182 0.0234693467406032 -0.0583034353281816 -0.0148917768428372
-0.0206988884264357 0.0596501110291994 0.121370354138247 -0.0408190279402581 -0.0139242901110823 -0.0583034353281816 0.225765329334877 0.0325033454368603
-0.0842486572345767 0.061737387285376 0.0614681106005096 0.0375406188939683 -0.0598916043087357 -0.0148917768428372 0.0325033454368603 0.0839547167494024
