0.0630615618686613 -0.0590323162063138 -0.0850024054145629 -0.023561884860913 0.0886734747832673 0.0205588719539289 -0.0310878439151336 -0.0390725111248805
-0.0590323162063138 0.131377522930964 0.128151842648879 0.0115998707827064 -0.0382878427676563 0.0395540223278669 0.0587422736285153 0.0306749356392167
-0.0850024054145629 0.128151842648879 0.175998356349159 -0.00344500080905197 -0.0936622926831505 0.0315147560015984 0.121518303535381 0.0264631744158094
-0.023561884860913 0.0115998707827064 -0.00344500080905197 0.102742860195931 -0.0426030279683016 -0.0324683925755535 -0.0101394297125029 0.0449211012193882
0.0886734747832673 -0.0382878427676563 -0.0936622926831505 -0.0426030279683016 0.0103553931102679 0.0318487620298076 0.0377605263871122 -0.0170626406566536
0.0205588719539289 0.0395540223278669 0.0315147560015984 -0.0324683925755535 0.0318487620298076 -0.0492573410672629 0.0406665941413198 -0.0066977142394037
-0.0310878439151336 0.0587422736285153 0.121518303535381 -0.0101394297125029 0.0377605263871122 0.0406665941413198 0.294633618682286 -0.0278213930264159
-0.0390725111248805 0.0306749356392167 0.0264631744158094 0.0449211012193882 -0.0170626406566536 -0.0066977142394037 -0.0278213930264159 0.0112613029104021
