0.0709338602570445 -0.0797068021643959 -0.0534372008464936 -0.0511969688907045 0.0615677449002842 0.074715565601948 -0.0219245812322023 -0.0626635154721634
-0.0797068021643959 0.149509411246941 0.104723160785916 0.074864950915351 -0.0315447342218121 -0.0290542468741811 0.0364002596507018 0.0972741608905179
-0.0534372008464936 0.104723160785916 0.184187410852626 0.0503141374572638 -0.0419477974762293 0.0111297600382108 0.142447922649991 0.0935026309517749
-0.0511969688907045 0.074864950915351 0.0503141374572638 0.182758872556514 0.00115436785476726 -0.0776300253285503 0.0469579232224793 0.14411707543651
0.0615677449002842 -0.0315447342218121 -0.0419477974762293 0.00115436785476726 -0.0525851343844329 0.00533602293974491 0.0516833021914491 -0.00850216046350533
0.074715565601948 -0.0290542468741811 0.0111297600382108 -0.0776300253285503 0.00533602293974491 0.087313801114144 -0.0635900362117729 -0.0533343557261915
-0.0219245812322023 0.0364002596507018 0.142447922649991 0.0469579232224793 0.0516833021914491 -0.0635900362117729 0.174057713005103 0.0684230443182343
-0.0626635154721634 0.0972741608905179 0.0935026309517749 0.14411707543651 -0.00850216046350533 -0.0533343557261915 0.0684230443182343 0.134125045624681
