0.114529127589431 -0.0956879965705311 -0.0919195520867799 -0.0542101796582329 0.0950917927643449 0.0414279315888755 -0.0457478635187651 -0.108597819921575
-0.0956879965705311 0.142360812156104 0.176473145813437 0.0375838160611077 -0.0696787694020161 0.0105829216744626 0.0940889431418482 0.110448851590274
-0.0919195520867799 0.176473145813437 0.205114176681937 0.0227816218687839 -0.0914292431310818 0.0126663394514297 0.164275443626331 0.116943405792893
-0.0542101796582329 0.0375838160611077 0.0227816218687839 0.120624696147411 -0.0277703798845578 -0.0180809020600045 0.0152802331410958 0.114941603980239
0.0950917927643449 -0.0696787694020161 -0.0914292431310818 -0.0277703798845578 0.036397889484829 0.0286534131916793 -0.0103429062753719 -0.0739627923792613
0.0414279315888755 0.0105829216744626 0.0126663394514297 -0.0180809020600045 0.0286534131916793 -0.00188477289968504 -0.0368936920381863 -0.0117554786354218
-0.0457478635187651 0.0940889431418482 0.164275443626331 0.0152802331410959 -0.0103429062753719 -0.0368936920381863 0.168698722000348 0.0634183656017692
-0.108597819921575 0.110448851590274 0.116943405792893 0.114941603980239 -0.0739627923792613 -0.0117554786354218 0.0634183656017692 0.134431388188923
