0.148790513205043 -0.0798246630520924 -0.0618258200060278 -0.099829567872539 0.142369759826098 0.0941865821296478 -0.00627199162102888 -0.0928450399985386
-0.0798246630520924 0.142721874809584 0.168036512928257 0.0854855161646439 -0.0313872714519662 0.0186691185952273 0.122049580405298 0.0849316650445624
-0.0618258200060278 0.168036512928257 0.174867922848998 0.0840841672154788 -0.0465108333501869 0.0431034501182248 0.117681679567079 0.0785104529645792
-0.099829567872539 0.0854855161646439 0.0840841672154788 0.255909837623199 -0.121474939949516 -0.0642226833400393 -0.014025588403363 0.132191235800894
0.142369759826098 -0.0313872714519662 -0.0465108333501869 -0.121474939949516 0.0708623580340449 0.0864370959555024 0.0431160742667896 -0.0388838799108693
0.0941865821296478 0.0186691185952273 0.0431034501182248 -0.0642226833400393 0.0864370959555024 0.0810547906503171 -0.00100695379304595 -0.00546587039380255
-0.00627199162102888 0.122049580405298 0.117681679567079 -0.014025588403363 0.0431160742667896 -0.00100695379304595 0.153214449117071 -0.0299690399075193
-0.0928450399985386 0.0849316650445624 0.0785104529645792 0.132191235800894 -0.0388838799108693 -0.00546587039380254 -0.0299690399075193 0.129827998208485
