0.0849009903562975 -0.0955075542093867 -0.0162959874680784 -0.0524298320611704 0.0774295064226169 0.0242363794688089 0.0835634776837107 -0.11826784004367
-0.0955075542093867 0.149675210381457 0.0964972285353967 0.0457976146398373 -0.0538247770639934 0.00124948515411145 -0.0159131137990242 0.126095481854484
-0.0162959874680784 0.0964972285353967 0.101209156342753 0.0115046713241783 -0.0125149178372102 0.010696173620646 0.0840274165663376 0.0297438073646018
-0.0524298320611704 0.0457976146398373 0.0115046713241783 0.134116949844251 -0.074165282357632 -0.0400819715118751 -0.0529444850500523 0.0978499397740919
0.0774295064226169 -0.0538247770639934 -0.0125149178372102 -0.074165282357632 -0.0299067123363693 0.0274724427732324 0.10275887771893 -0.0851287992401761
0.0242363794688089 0.00124948515411144 0.0106961736206461 -0.0400819715118751 0.0274724427732324 0.00205219549341917 -0.0212099969516768 -0.0194323291481591
0.0835634776837107 -0.0159131137990242 0.0840274165663376 -0.0529444850500523 0.10275887771893 -0.0212099969516768 0.237295291178488 -0.0949515090226803
-0.11826784004367 0.126095481854484 0.0297438073646018 0.0978499397740919 -0.0851287992401761 -0.0194323291481591 -0.0949515090226803 0.134237545674922
