0.0760596603006325 -0.037536866931702 -0.0388862565401863 -0.0176154572032323 0.0672003005785511 0.0392197075660442 0.0737750432308875 -0.0324078997032502
-0.037536866931702 0.172785518880263 0.164622512159557 0.0427468728169921 0.054976186177346 0.030678565420232 0.0910654233522114 0.0826316148175229
-0.0388862565401863 0.164622512159557 0.161863457505904 0.0224918953041224 0.0240859718691353 0.0467422306613823 0.0696893314876626 0.0517322145509115
-0.0176154572032323 0.0427468728169921 0.0224918953041224 0.131305854910678 0.00541846423567939 -0.0135601361904438 -0.0253196019246682 0.0898272594475386
0.0672003005785511 0.054976186177346 0.0240859718691353 0.00541846423567939 0.0189318690679292 -0.0102266396485757 0.169050132207352 0.0127820864854988
0.0392197075660442 0.030678565420232 0.0467422306613823 -0.0135601361904438 -0.0102266396485757 0.0172619003267107 0.00603966400674513 0.00104017341054781
0.0737750432308875 0.0910654233522114 0.0696893314876626 -0.0253196019246682 0.169050132207352 0.00603966400674513 0.163986403810977 -0.0168000359644353
-0.0324078997032501 0.0826316148175229 0.0517322145509115 0.0898272594475386 0.0127820864854988 0.00104017341054782 -0.0168000359644353 0.0923618765520975
