0.123120668909765 -0.0886803336622937 -0.0926801491403171 -0.049469021627942 0.122123617828883 0.0606187203444173 0.113746179710013 -0.115357909690639
-0.0886803336622937 0.102256929911133 0.0803711268645709 0.0283309292219336 -0.0584921148266572 -0.00887084589599359 -0.0932577291589581 0.086998029937192
-0.0926801491403171 0.0803711268645709 0.131749076971553 0.0556539724361877 -0.0649351766618415 -0.0277781995624828 0.0292242895886918 0.0926625806053051
-0.049469021627942 0.0283309292219336 0.0556539724361877 0.050669209924353 -0.0359816508062389 -0.0337951288918856 -0.0205788803749421 0.0945344382133737
0.122123617828883 -0.0584921148266572 -0.0649351766618415 -0.0359816508062389 -0.0115806610872766 0.0680095615003517 0.100918196341066 -0.0908555041373654
0.0606187203444173 -0.00887084589599359 -0.0277781995624828 -0.0337951288918856 0.0680095615003517 0.0216952304884858 -0.0111867499443538 -0.0356710229650287
0.113746179710013 -0.0932577291589581 0.0292242895886918 -0.0205788803749421 0.100918196341066 -0.0111867499443538 0.267512726791013 -0.143117335977167
-0.115357909690639 0.086998029937192 0.0926625806053051 0.0945344382133737 -0.0908555041373654 -0.0356710229650287 -0.143117335977167 0.164908225315454
