0.0717312215707317 -0.0522320539487718 -0.0602774493695539 -0.042480238013256 0.0577188259880118 0.0354440420446987 -0.0316057796348211 -0.0806800106713588
-0.0522320539487718 0.109638176362493 0.121899257847137 0.0490668750529167 -0.0430061285481793 -0.0181282106593084 0.0814247273458389 0.0493337187677337
-0.0602774493695539 0.121899257847137 0.116765918435947 0.0249942143185899 -0.0346416364201601 -0.00950580915860354 0.0903832709408855 0.047663331043082
-0.042480238013256 0.0490668750529167 0.0249942143185899 0.133147546119169 -0.0608715923498201 -0.0197078420133412 -0.0422116631224179 0.11029679610268
0.0577188259880118 -0.0430061285481793 -0.0346416364201601 -0.0608715923498201 -0.0270913370850079 0.0287089698663034 0.00373486694097584 -0.0264619039197899
0.0354440420446987 -0.0181282106593084 -0.00950580915860354 -0.0197078420133412 0.0287089698663034 0.0186176656560608 -0.0345456598867003 0.0168431148845041
-0.0316057796348211 0.0814247273458389 0.0903832709408855 -0.0422116631224179 0.00373486694097585 -0.0345456598867003 0.15860493354271 0.0139885853810735
-0.0806800106713588 0.0493337187677337 0.047663331043082 0.11029679610268 -0.0264619039197898 0.0168431148845041 0.0139885853810735 0.130741394602789
