0.063184827658747 -0.0495562793944923 -0.0422954017808234 -0.012237472132084 0.0577830051408609 0.0329054989221786 -0.0540088282764285 -0.0399803207044601
-0.0495562793944923 0.0541882056898839 0.0581304435504106 0.0138531165680279 -0.0205090355084013 -0.00282382926909017 0.0540910659448611 0.0380555582493878
-0.0422954017808234 0.0581304435504106 0.0778018309137225 -0.0135769836863113 -0.0303561080016108 -0.0089926177972729 0.13789237206431 0.00879211325874339
-0.012237472132084 0.0138531165680279 -0.0135769836863113 0.0908302809385575 -0.00923049954399799 -0.00363626071367031 -0.0626135238475721 0.0500179010152881
0.0577830051408609 -0.0205090355084013 -0.0303561080016108 -0.00923049954399799 -0.0802051930270004 0.0160582274731785 -0.00514217326748866 -0.0207379988801433
0.0329054989221786 -0.00282382926909017 -0.0089926177972729 -0.00363626071367031 0.0160582274731785 -0.00437881374467335 -0.0808037723137145 -0.0098988485375385
-0.0540088282764285 0.0540910659448611 0.13789237206431 -0.0626135238475721 -0.00514217326748865 -0.0808037723137145 0.262269996934112 -0.00898329973717402
-0.0399803207044601 0.0380555582493878 0.00879211325874339 0.0500179010152881 -0.0207379988801433 -0.00989884853753851 -0.00898329973717402 0.0503011957508996
