0.0684020523517396 -0.0413099985978575 -0.0502840772582948 -0.0211455296274437 0.0351822100746238 0.0367606802938466 0.0125183822850487 -0.0518105724852032
-0.0413099985978575 0.0732560840258785 0.0862650181205233 0.0390903073844542 0.020346922237233 0.0175501043559212 0.0264572959077756 0.0799236559941131
-0.0502840772582948 0.0862650181205233 0.0914352071022093 0.00160993705459125 -0.0200137774169007 -0.0106206951627387 0.0999355068726254 0.0415430059443566
-0.0211455296274437 0.0390903073844542 0.00160993705459125 0.100892804220414 -0.0121588962761238 0.0119298666232 -0.0567891451828902 0.0951004479771053
0.0351822100746238 0.020346922237233 -0.0200137774169007 -0.0121588962761238 -0.033673617807103 0.0335027357148044 0.0386580215152934 -0.0148182082951604
0.0367606802938466 0.0175501043559212 -0.0106206951627387 0.0119298666232 0.0335027357148044 0.004492060747946 -0.0200080690923208 0.0356361121715892
0.0125183822850487 0.0264572959077756 0.0999355068726254 -0.0567891451828902 0.0386580215152934 -0.0200080690923208 0.186342463251121 -0.0958303169276431
-0.0518105724852032 0.0799236559941131 0.0415430059443566 0.0951004479771053 -0.0148182082951604 0.0356361121715892 -0.0958303169276431 0.135109577039804
