0.0439765632780891 -0.0325597246648613 -0.00507051060828598 0.00598253965008705 0.0474063529901961 0.0472108958348321 0.0390606709267005 -0.0413091622682035
-0.0325597246648613 0.069606097562954 0.0484658664413194 -0.00939013854602482 -0.0226703400842155 -0.00797724613979478 0.00704525414156555 0.0461834877442719
-0.00507051060828598 0.0484658664413194 0.0369140321554133 0.0115481070933599 -0.0173011451294704 0.0290664871781921 0.0246251889511976 0.0328658226296517
0.00598253965008705 -0.00939013854602482 0.0115481070933599 0.0466309543440211 -0.0623669606302965 -0.00645351027209411 0.00101815573564757 0.00396439781956967
0.0474063529901961 -0.0226703400842155 -0.0173011451294704 -0.0623669606302966 0.0494631182460172 0.0652363024159541 0.0440227780908007 -0.0210404537109572
0.0472108958348321 -0.00797724613979478 0.0290664871781921 -0.00645351027209411 0.0652363024159541 0.0271560493991154 0.00262139719042682 -0.01212976364858
0.0390606709267005 0.00704525414156555 0.0246251889511976 0.00101815573564757 0.0440227780908007 0.00262139719042682 0.0643887637557825 -0.00522459495590225
-0.0413091622682035 0.0461834877442719 0.0328658226296517 0.00396439781956968 -0.0210404537109572 -0.01212976364858 -0.00522459495590225 0.0391582814496077
