0.141974474519129 -0.128321388011544 -0.104388772956965 -0.0734106591424073 0.123085859580545 0.0284126409849177 0.00329689331903779 -0.0984242956809735
-0.128321388011544 0.173287175010355 0.12813927415216 0.0363204874218881 -0.0678345046535726 0.0082564163499366 0.0208492004547173 0.104715380889395
-0.104388772956965 0.12813927415216 0.124840583116108 0.0472238830207589 -0.0879052411938908 0.0149497303570413 0.0485782234676267 0.0739241374313145
-0.0734106591424073 0.0363204874218881 0.0472238830207589 0.108882474571942 -0.0437702515246578 -0.0376092487908041 -0.0264104802395587 0.083087700200798
0.123085859580545 -0.0678345046535726 -0.0879052411938908 -0.0437702515246578 -0.00649154511839812 -0.00666381335846142 -0.0260546360245119 -0.0485346577350049
0.0284126409849177 0.00825641634993661 0.0149497303570413 -0.0376092487908041 -0.00666381335846141 -0.0138528994635104 0.0161251909800941 -0.0168558378745843
0.00329689331903778 0.0208492004547173 0.0485782234676267 -0.0264104802395587 -0.0260546360245119 0.0161251909800941 0.226730147817305 -0.0697741484900761
-0.0984242956809735 0.104715380889395 0.0739241374313145 0.083087700200798 -0.0485346577350049 -0.0168558378745843 -0.0697741484900761 0.0883598921027915
