0.0498854646018212 -0.0450491737394377 -0.0499835629730249 -0.0196139384083479 0.0216691694762464 0.0364947382105022 -0.0198761657444554 -0.0335458398862425
-0.0450491737394377 0.0745685715062303 0.0784186525831981 0.0528712050974762 0.0045928125238653 -0.0216453594743653 0.0434030290054275 0.0603259983463306
-0.0499835629730249 0.0784186525831981 0.0786951593387247 0.0189083991156268 0.0475561270906989 -0.0201168888166977 0.0712456878824205 0.0513815161746689
-0.0196139384083479 0.0528712050974762 0.0189083991156268 0.0785273715433004 -0.00769652654759251 -0.035373723995516 0.00226801723162401 0.0655901869313752
0.0216691694762464 0.0045928125238653 0.0475561270906989 -0.00769652654759251 0.0223496238240829 -0.00736821458531768 0.0681451706537751 -0.0020280628983202
0.0364947382105022 -0.0216453594743653 -0.0201168888166977 -0.035373723995516 -0.00736821458531769 0.00827383659333446 -0.0410720828259636 -0.0158227477797692
-0.0198761657444554 0.0434030290054275 0.0712456878824205 0.00226801723162402 0.0681451706537751 -0.0410720828259636 -0.00399556871366727 0.0071787343009689
-0.0335458398862425 0.0603259983463306 0.0513815161746689 0.0655901869313752 -0.0020280628983202 -0.0158227477797692 0.0071787343009689 0.0503517125675237
