0.0624102026880446 -0.0402472615320738 -0.0189156539931365 -0.0272632243149113 0.059621539855997 0.0325586071373906 -0.0274487693841 -0.0265352070566732
-0.0402472615320738 0.0947752881674603 0.105430693660656 0.066993784567832 -0.00540910580660305 0.00103198079844523 0.0862644913363527 0.075388016206595
-0.0189156539931365 0.105430693660656 0.0876482412822042 0.0565755381264216 0.0195845811909715 0.00706191116591888 0.0885834717039356 0.0796646562598304
-0.0272632243149113 0.066993784567832 0.0565755381264216 0.103195887357661 -0.00744030039459403 0.000215167021443399 0.0546986363096952 0.0490156833330793
0.059621539855997 -0.00540910580660304 0.0195845811909715 -0.00744030039459403 -0.0545246753309797 0.0318461931553372 0.0143871562485157 0.0153918524861549
0.0325586071373906 0.00103198079844523 0.00706191116591888 0.000215167021443403 0.0318461931553372 -0.022923345223833 0.00210836606345899 0.0032505130476908
-0.0274487693841 0.0862644913363527 0.0885834717039356 0.0546986363096952 0.0143871562485157 0.00210836606345899 0.0155566845089249 0.0518171827900549
-0.0265352070566732 0.075388016206595 0.0796646562598304 0.0490156833330793 0.0153918524861549 0.0032505130476908 0.0518171827900549 0.0503001809356586
