0.0518283989811768 -0.0624260889755043 -0.0375848995742968 -0.0382623048658751 0.0395564265373112 0.0280997408245988 0.0247752475540418 -0.0314563894431405
-0.0624260889755043 0.0745816351442217 0.0394354287955228 0.0262440424414113 -0.0360682274587614 -0.0128449698976422 -0.0558179243323645 0.0552820001262918
-0.0375848995742968 0.0394354287955228 0.0221264176574236 0.0100707085964745 -0.0284243960409765 -0.00540901387906991 0.032067236252674 0.0171661690163487
-0.0382623048658751 0.0262440424414113 0.0100707085964745 0.0538033248879785 -0.0124138501056249 -0.0406977377670009 -0.0441543424253465 0.0259089705746934
0.0395564265373112 -0.0360682274587614 -0.0284243960409765 -0.0124138501056249 -0.057257262962466 0.00610531511278254 0.0286467344139649 -0.0290736517750307
0.0280997408245988 -0.0128449698976422 -0.00540901387906991 -0.0406977377670009 0.00610531511278255 0.0102492457314373 -0.0250159884401363 0.0134226094078413
0.0247752475540418 -0.0558179243323645 0.032067236252674 -0.0441543424253465 0.028646734413965 -0.0250159884401363 0.103910223680226 -0.0728301160156573
-0.0314563894431405 0.0552820001262918 0.0171661690163487 0.0259089705746934 -0.0290736517750307 0.0134226094078413 -0.0728301160156573 0.0229013775084644
