0.0784656303319482 -0.0584351429755848 -0.0607068757935359 -0.0447545378772799 0.0819933508112653 0.0347903415738208 0.0189608341543993 -0.0596502201230027
-0.0584351429755848 0.117827850817483 0.141267063480934 0.0555048835730631 0.00131031236214143 0.0075585417424142 0.0618649628146669 0.0823843277687517
-0.0607068757935359 0.141267063480934 0.147390284768852 0.00358447048133101 -0.0200157661316347 0.0147918380430515 0.087688869599976 0.0698989071405108
-0.0447545378772799 0.0555048835730631 0.00358447048133101 0.133374358181293 -0.033294710577774 -0.0343003364293781 -0.00676578004913442 0.0955103223739025
0.0819933508112653 0.00131031236214143 -0.0200157661316347 -0.033294710577774 0.0424393761464719 0.0396739570013598 0.0890190403023509 -0.0349199611167634
0.0347903415738208 0.0075585417424142 0.0147918380430515 -0.0343003364293781 0.0396739570013598 -0.0106916053028917 0.0288877092287007 -0.00774763863874759
0.0189608341543993 0.0618649628146669 0.087688869599976 -0.00676578004913443 0.089019040302351 0.0288877092287007 0.0450142925073504 0.000114496205400474
-0.0596502201230027 0.0823843277687517 0.0698989071405108 0.0955103223739025 -0.0349199611167634 -0.00774763863874759 0.000114496205400479 0.0957433414948374
