0.0350108724298261 -0.0310697511377531 -0.0254207522592074 -0.0239681419098432 0.0785986505671108 0.0125097346194753 0.0176653795571884 -0.0527628601647495
-0.0310697511377531 0.0308787386943186 0.0259695069329465 0.0211056514331089 -0.0287444451531033 0.00613554047314158 -6.89477154428069e-05 0.0554716449781731
-0.0254207522592074 0.0259695069329465 0.0573241729827149 0.00561933152522007 -0.0308064048197363 0.0223592311243392 0.048931954658079 0.0466811810760251
-0.0239681419098432 0.0211056514331089 0.00561933152522007 0.0292166976781784 -0.0168076077815845 -0.0171970341270721 -0.00969193525131652 0.0441754897026093
0.0785986505671108 -0.0287444451531033 -0.0308064048197363 -0.0168076077815845 0.158578781022256 0.0368635921403218 -0.0523796260190056 -0.0790922188958911
0.0125097346194753 0.00613554047314158 0.0223592311243392 -0.0171970341270721 0.0368635921403218 -0.00502209749694485 0.0166086955930222 -0.0031208630447788
0.0176653795571884 -6.89477154428059e-05 0.048931954658079 -0.00969193525131652 -0.0523796260190056 0.0166086955930222 0.0462046229730842 0.00441309663229936
-0.0527628601647495 0.0554716449781731 0.0466811810760251 0.0441754897026093 -0.0790922188958911 -0.00312086304477879 0.00441309663229936 0.068623131542698
