0.147054154007309 -0.0876517058173102 -0.0921035879030803 -0.0662281745253958 0.162699360841933 0.020892517766053 0.0505306159783943 -0.096078760698941
-0.0876517058173102 0.120030941980118 0.157730663579653 0.0673737160387003 -0.0500875080605331 0.0280542451273525 0.0119806803824134 0.124702772691706
-0.0921035879030803 0.157730663579653 0.186294310368519 0.0612958705899817 -0.0659592843537408 0.0623020387163165 0.0382040444946322 0.130509829379471
-0.0662281745253958 0.0673737160387003 0.0612958705899817 0.0346260007157252 -0.0689011867569315 -0.0173686991381394 -0.0105757448405704 0.0719606007556817
0.162699360841933 -0.0500875080605331 -0.0659592843537408 -0.0689011867569315 0.100191313146066 0.0323932082675668 0.0943094259620746 -0.0939213313113951
0.020892517766053 0.0280542451273525 0.0623020387163165 -0.0173686991381394 0.0323932082675668 -0.00387576894486677 0.0198084620613442 0.0145694038848009
0.0505306159783943 0.0119806803824134 0.0382040444946322 -0.0105757448405704 0.0943094259620746 0.0198084620613442 0.103616181576984 -0.0485198422667194
-0.096078760698941 0.124702772691706 0.130509829379471 0.0719606007556817 -0.0939213313113951 0.0145694038848009 -0.0485198422667194 0.173301231320737
