0.0852160940370135 -0.047777373470013 -0.0626659303593078 -0.0202442538635178 0.0720677018010327 0.0287238311638762 -0.0332166424535987 -0.0142177214903902
-0.047777373470013 0.0367125784300735 0.0547726235851753 0.0274905041942506 -0.0478818830206425 -0.00602121981769886 0.0155060859855609 0.0155777207141808
-0.0626659303593078 0.0547726235851753 0.0893024790833435 0.00203745226183581 -0.0276982347998273 -0.0128858210020175 0.0537299883116606 0.023892232432916
-0.0202442538635178 0.0274905041942506 0.00203745226183581 0.0536453796343966 -0.0254941684731278 -0.0281854837150531 0.0091398819012511 0.016872555142571
0.0720677018010327 -0.0478818830206425 -0.0276982347998273 -0.0254941684731278 0.0982213708858273 0.0132420904853339 0.0155194461140845 0.00892879731423674
0.0287238311638762 -0.00602121981769886 -0.0128858210020175 -0.0281854837150531 0.0132420904853339 9.47228843937523e-06 -0.0131616850437367 0.017516700223153
-0.0332166424535987 0.0155060859855609 0.0537299883116606 0.0091398819012511 0.0155194461140845 -0.0131616850437367 0.0263757698946717 0.0128548741261038
-0.0142177214903902 0.0155777207141808 0.023892232432916 0.016872555142571 0.00892879731423674 0.017516700223153 0.0128548741261038 0.00929726514960232
