0.0481820873024571 -0.0388760277191422 -0.0334457155279078 -0.0260067081689008 0.0806410898234783 0.0402242737575388 0.0120684386677505 -0.0516340644749442
-0.0388760277191422 0.0517875217123069 0.0428725488996621 0.0443597711150003 -0.0359897980759667 -0.0212239542116933 0.0433399694169585 0.0764858861440251
-0.0334457155279078 0.0428725488996621 0.0573049025867882 0.0276072990106918 -0.0380737189919054 -0.0116088608021312 0.0452731574297516 0.047625244207817
-0.0260067081689008 0.0443597711150003 0.0276072990106918 0.0369949560545728 -0.0157223274162947 -0.0302372938497615 0.0204539739528301 0.0750704701533664
0.0806410898234783 -0.0359897980759667 -0.0380737189919054 -0.0157223274162947 0.0813874740640786 0.0609164925815917 0.0442624715352117 -0.0462436058155826
0.0402242737575388 -0.0212239542116933 -0.0116088608021312 -0.0302372938497615 0.0609164925815917 0.0249804863286101 -0.00669336423100378 -0.0324585937033371
0.0120684386677505 0.0433399694169585 0.0452731574297516 0.0204539739528301 0.0442624715352117 -0.00669336423100378 0.0499568956765097 0.0441761942523034
-0.0516340644749442 0.0764858861440251 0.047625244207817 0.0750704701533664 -0.0462436058155826 -0.0324585937033371 0.0441761942523034 0.10617024846943
