0.086035348805578 -0.0565241704934709 -0.00783315326202154 -0.0482117096506558 0.0856853552474293 0.0439157317049594 0.0355504106502518 -0.0819345415157389
-0.0565241704934709 0.0532122906174306 0.0280793659206569 0.02284401545458 -0.0481109984307974 -0.0275463686151949 -0.0256873796380229 0.0560296671646558
-0.00783315326202154 0.0280793659206569 0.0139344934737451 -0.000343660699236496 -0.0162170827253217 -0.0051091152110439 0.0551360815413151 0.0104109126693894
-0.0482117096506558 0.02284401545458 -0.000343660699236495 0.040561511049125 -0.0352395963991826 -0.0356748586071236 -0.00979273619191855 0.0581734402442828
0.0856853552474293 -0.0481109984307974 -0.0162170827253217 -0.0352395963991826 0.113200030513667 0.0618708004287886 0.0879050279473692 -0.0480955696903341
0.0439157317049594 -0.0275463686151949 -0.0051091152110439 -0.0356748586071236 0.0618708004287886 -0.00449177238980444 0.00902006614223478 -0.0300494896291399
0.0355504106502518 -0.0256873796380229 0.0551360815413151 -0.00979273619191855 0.0879050279473692 0.00902006614223478 0.166769734180783 -0.0322479408651055
-0.0819345415157389 0.0560296671646559 0.0104109126693894 0.0581734402442828 -0.0480955696903341 -0.0300494896291399 -0.0322479408651055 0.088338851378883
