0.0524438040786641 -0.0699303446544626 -0.0613820676644837 -0.0235396973143789 0.0528191770371094 0.00966941521466075 0.0538134774195759 -0.0529514402635261
-0.0699303446544626 0.116686459251547 0.12083047856796 0.0324742077917083 -0.0326064207907393 0.0110639180063437 -0.0410117446791332 0.082930699760736
-0.0613820676644837 0.12083047856796 0.123629044366828 0.050480278208835 -0.0592289180561279 0.00443277333390798 -0.0161754384038006 0.0537155062683373
-0.0235396973143789 0.0324742077917083 0.050480278208835 0.119008505961657 0.0168719186191578 -0.0567575641019238 0.00765146769385706 0.088565190137193
0.0528191770371094 -0.0326064207907393 -0.0592289180561279 0.0168719186191578 0.0100790901250726 -0.0209966097463757 0.109229626787329 -0.00292594826223884
0.00966941521466075 0.0110639180063437 0.00443277333390797 -0.0567575641019238 -0.0209966097463757 -0.00311103690071438 -0.01350454256139 -0.021955849870416
0.0538134774195759 -0.0410117446791332 -0.0161754384038006 0.00765146769385707 0.109229626787328 -0.01350454256139 0.21245918145728 -0.0489090616028637
-0.0529514402635261 0.082930699760736 0.0537155062683373 0.088565190137193 -0.00292594826223884 -0.021955849870416 -0.0489090616028637 0.0910918393253936
