0.0543617638100516 -0.0425272837218747 -0.0366831076833765 -0.0282471842541021 0.0735683039988377 0.0212486279831898 0.0426386719979976 -0.0503822479464945
-0.0425272837218747 0.09927863270431 0.128542397834976 0.0211394745437612 -0.0503604922992775 0.0224059653808052 0.0432925856917852 0.0527332032535998
-0.0366831076833765 0.128542397834976 0.132616323175253 0.0333104982046907 -0.0359713663487563 0.0345086129605773 0.14102392567013 0.0416139728335221
-0.0282471842541021 0.0211394745437612 0.0333104982046907 0.0060608569297748 -0.0406395532447437 -0.0292532046268435 0.0184505411219285 0.0334335904894336
0.0735683039988377 -0.0503604922992775 -0.0359713663487563 -0.0406395532447437 -0.0420448101971474 0.0266048204518817 0.0818008440022971 -0.052934008680758
0.0212486279831898 0.0224059653808052 0.0345086129605773 -0.0292532046268435 0.0266048204518817 0.0447068172407778 0.0499296944367138 -0.00937694372084547
0.0426386719979976 0.0432925856917852 0.14102392567013 0.0184505411219285 0.0818008440022971 0.0499296944367138 0.177271697583502 -0.0239432165792428
-0.0503822479464945 0.0527332032535999 0.0416139728335221 0.0334335904894336 -0.052934008680758 -0.00937694372084548 -0.0239432165792428 0.0170742313285157
