0.100797986407823 -0.0257388332598967 -0.0269832597355834 -0.015041708216247 0.110206896879786 0.0322737740763825 0.050867005824219 -0.0383634717500197
-0.0257388332598967 0.0555757219776209 0.0658837788257403 -0.0148460384559049 0.00280401696235394 0.0153556935307208 0.00623085521546802 0.0284514154560118
-0.0269832597355834 0.0658837788257403 0.0680433678428345 -0.0196738593240747 -0.00464472593524899 0.0392312556872864 0.0326370907409497 0.0265774139887665
-0.015041708216247 -0.0148460384559049 -0.0196738593240747 0.0428146209095722 -0.016554787633848 -0.0168265112732778 0.024349642878916 0.0177036489752733
0.110206896879786 0.00280401696235394 -0.00464472593524899 -0.016554787633848 0.100536812809142 0.0567435437897423 0.0243512886713336 -0.0390122882923558
0.0322737740763825 0.0153556935307208 0.0392312556872864 -0.0168265112732778 0.0567435437897423 0.00498269550422535 0.0514784416127801 -0.0251293904219871
0.050867005824219 0.00623085521546802 0.0326370907409497 0.024349642878916 0.0243512886713336 0.0514784416127801 0.17162683668862 -0.0222825565157876
-0.0383634717500197 0.0284514154560118 0.0265774139887665 0.0177036489752733 -0.0390122882923558 -0.0251293904219871 -0.0222825565157876 0.0211723431323773
