0.0835881645139822 -0.0851410378503713 -0.103429356193225 -0.0664512245437969 0.103455083427608 0.0613427506185177 0.0131900068510337 -0.116802231267219
-0.0851410378503713 0.126455484941901 0.146976414246238 0.0414669112635865 -0.0644826335638436 -0.0207811886982527 -0.00585129181152274 0.119328582416029
-0.103429356193225 0.146976414246238 0.174793165653013 0.0301636424334922 -0.0630489050275004 -0.0383835478801553 0.0726880262254394 0.130089442956984
-0.0664512245437969 0.0414669112635865 0.0301636424334922 0.138298339568643 -0.0636331834549285 -0.0487652175621796 -0.0235172463116922 0.136485743700892
0.103455083427608 -0.0644826335638436 -0.0630489050275004 -0.0636331834549285 0.0183372427016215 0.0680297433333672 0.0827071234376018 -0.101619899727526
0.0613427506185177 -0.0207811886982527 -0.0383835478801553 -0.0487652175621796 0.0680297433333672 -0.007413785518981 0.000275218025241352 -0.065693599152686
0.0131900068510337 -0.00585129181152274 0.0726880262254394 -0.0235172463116922 0.0827071234376018 0.000275218025241352 0.159268689208943 -0.056169986475197
-0.116802231267219 0.119328582416029 0.130089442956984 0.136485743700892 -0.101619899727526 -0.065693599152686 -0.056169986475197 0.193684253280789
