0.0644139753141268 -0.0573594220628015 -0.0186528195390791 -0.0357385392897211 0.0309695055030837 0.0127524377460706 0.0279849212143422 -0.0806760104741289
-0.0573594220628015 0.0999015161791342 0.0655056206126286 0.0423540295682139 -0.0203253026287733 0.0238349198981646 -0.00484021747904937 0.0951968374980695
-0.0186528195390791 0.0655056206126286 0.0434343768952114 0.00193661183551892 0.00286972217624066 0.0355635055486089 0.034460319301007 0.0367415232963883
-0.0357385392897211 0.0423540295682139 0.00193661183551892 0.0484237545857071 -0.0306234527793136 -0.0284307472788975 0.013892007668109 0.058070484733565
0.0309695055030836 -0.0203253026287733 0.00286972217624065 -0.0306234527793136 0.0556222775854219 0.023537710438671 0.0233174383623567 -0.0466898225666789
0.0127524377460706 0.0238349198981646 0.0355635055486089 -0.0284307472788975 0.023537710438671 -0.0129380714957786 0.00347293544961418 -0.00514109684718775
0.0279849212143422 -0.00484021747904937 0.034460319301007 0.013892007668109 0.0233174383623567 0.00347293544961418 0.0190084583602499 -0.0575576025898861
-0.0806760104741289 0.0951968374980695 0.0367415232963883 0.058070484733565 -0.0466898225666789 -0.00514109684718775 -0.0575576025898861 0.114464155099983
