0.0949456146266651 -0.0537784997912334 -0.0189864754280192 -0.0603718498652933 0.103876391194537 0.0412169438089814 0.0561656176623061 -0.0769688099936299
-0.0537784997912334 0.130075191716956 0.114029410276202 0.0531875070630069 -0.0410119611589889 0.00991355112763851 0.0554572772699719 0.0852011946285454
-0.0189864754280192 0.114029410276202 0.0997213124916525 0.0327618842143512 -0.0425202133879766 0.0287689205434042 0.0896817091013537 0.070651277831916
-0.0603718498652933 0.0531875070630069 0.0327618842143512 0.144511632660457 -0.0563743380876099 -0.0480058739002671 0.0182150765972635 0.102379272878517
0.103876391194537 -0.0410119611589889 -0.0425202133879766 -0.0563743380876099 0.113644617106428 0.0718858751364321 0.0798452836964966 -0.0515525136248331
0.0412169438089814 0.00991355112763851 0.0287689205434042 -0.0480058739002671 0.0718858751364321 0.00320281681742655 0.0243485365615056 -0.00744615566960588
0.0561656176623061 0.0554572772699719 0.0896817091013537 0.0182150765972635 0.0798452836964966 0.0243485365615056 0.0861493234202051 0.0137046167260085
-0.0769688099936299 0.0852011946285454 0.070651277831916 0.102379272878517 -0.0515525136248331 -0.00744615566960588 0.0137046167260085 0.0977710180729041
