0.0310798645775903 -0.0144480538497641 -0.0324167734704186 -0.0285637011825661 0.0620688779451888 0.00588290059620885 0.0458653970304781 -0.0365584426127201
-0.0144480538497641 0.0609788979438945 0.0298143127322441 0.0313160492100052 0.0127558239869185 0.000995656819217014 0.00514055479819355 0.0420294686715516
-0.0324167734704186 0.0298143127322441 0.0677522868243306 -0.0100649577566939 -0.0155494781695358 0.0283611053610065 -0.00171126569669312 0.0540117116053538
-0.0285637011825661 0.0313160492100052 -0.0100649577566939 0.0850639416037141 -0.0123579156058846 -0.0397162660141117 0.00735635708583128 0.0433336352901171
0.0620688779451888 0.0127558239869185 -0.0155494781695358 -0.0123579156058846 0.0282127247873879 -0.0268884149035009 0.174940002180785 -0.00987980907678873
0.00588290059620885 0.000995656819217015 0.0283611053610065 -0.0397162660141117 -0.0268884149035009 0.0276133890317651 -0.0630040045327403 -0.00864556520757603
0.0458653970304781 0.00514055479819355 -0.00171126569669312 0.00735635708583128 0.174940002180785 -0.0630040045327403 0.142626950692719 -0.0183244749314408
-0.0365584426127201 0.0420294686715516 0.0540117116053538 0.0433336352901171 -0.00987980907678873 -0.00864556520757603 -0.0183244749314408 0.0569454484268298
