0.0530773087300436 -0.0221381640250497 -0.0201331545982104 -0.0243026688906194 0.0598233418719862 0.0363898960226808 0.0304002552916747 -0.0192108614610508
-0.0221381640250497 0.0501144119311028 0.0449361619298289 -0.0139444364687448 -0.0204242718770034 -0.00486673187036132 0.0210215855718342 0.000220032574290023
-0.0201331545982104 0.0449361619298289 0.0517260109006973 -0.0592162282652478 -0.0287256932906115 0.0256497604861371 0.0426197095908405 -0.0158960895518395
-0.0243026688906194 -0.0139444364687448 -0.0592162282652478 0.114529519504245 0.00337066366660081 -0.0284237961631198 -0.023639506774912 0.086647464544208
0.0598233418719862 -0.0204242718770034 -0.0287256932906115 0.00337066366660081 0.00970384496827586 0.00706384450631305 0.0653675891917023 -0.0260588226944607
0.0363898960226808 -0.00486673187036132 0.0256497604861371 -0.0284237961631199 0.00706384450631306 0.0142414831715358 0.0136788442774497 -0.0050795558535406
0.0304002552916747 0.0210215855718342 0.0426197095908405 -0.023639506774912 0.0653675891917023 0.0136788442774497 0.191777383223913 -0.0602160701670903
-0.0192108614610508 0.00022003257429002 -0.0158960895518395 0.086647464544208 -0.0260588226944607 -0.0050795558535406 -0.0602160701670903 0.0446162776923677
