0.0455654770716481 -0.052928771050542 -0.0308892407421997 -0.0257759918431511 0.0547764534707272 0.0334057222677421 -0.00427666431214311 -0.0756022911607198
-0.052928771050542 0.0768793621447516 0.0712932154377112 0.0194099950619912 -0.0522888613863969 -0.00329713793420363 0.0482641589447414 0.0843773924670992
-0.0308892407421997 0.0712932154377112 0.08178640983616 0.00218732838010013 -0.0530555922404707 -0.00176917915024121 0.100488288007471 0.0577370217340205
-0.0257759918431511 0.0194099950619912 0.00218732838010013 0.033336623084461 -0.0127484710163995 -0.012242943732741 -0.00538531303065092 0.0550833346259224
0.0547764534707272 -0.0522888613863969 -0.0530555922404707 -0.0127484710163995 0.00689216747204497 0.0521786394639605 -0.0197906866981704 -0.0662352765444718
0.0334057222677421 -0.00329713793420363 -0.00176917915024121 -0.012242943732741 0.0521786394639605 -0.0168689557317786 -0.00242646433199981 -0.0313850322634323
-0.00427666431214311 0.0482641589447414 0.100488288007471 -0.00538531303065092 -0.0197906866981704 -0.00242646433199981 0.112347158540646 0.0308721526306017
-0.0756022911607198 0.0843773924670992 0.0577370217340205 0.0550833346259224 -0.0662352765444718 -0.0313850322634323 0.0308721526306017 0.0955671776464944
