0.121372440449086 -0.0504191988890677 -0.0636080165183688 -0.0560941040314616 0.102624466846377 0.0388766403547931 -0.0360431351051694 -0.0513455232889473
-0.0504191988890677 0.0449269108934926 0.0651496891633278 0.0241010895183042 -0.0303110511253648 -0.0164579746923888 0.0558210168445182 0.0217406655615919
-0.0636080165183688 0.0651496891633278 0.0843649956097792 -0.00567800865391428 -0.0386655358816113 0.00656680968947427 0.0904041027540939 0.0126086394384358
-0.0560941040314616 0.0241010895183042 -0.00567800865391428 0.116458095889588 -0.0592090034004613 -0.0212454552500759 -0.0425598558915207 0.0717641271284576
0.102624466846377 -0.0303110511253648 -0.0386655358816113 -0.0592090034004613 0.00482108379474594 0.0290210605553672 0.0233956605096278 -0.0256723282669546
0.0388766403547931 -0.0164579746923888 0.00656680968947426 -0.0212454552500759 0.0290210605553672 0.0386737459089066 -0.0223849284923666 0.0170333808848816
-0.0360431351051693 0.0558210168445182 0.0904041027540939 -0.0425598558915207 0.0233956605096278 -0.0223849284923666 0.110669824971179 -0.0376959104078881
-0.0513455232889473 0.0217406655615919 0.0126086394384358 0.0717641271284576 -0.0256723282669546 0.0170333808848816 -0.0376959104078881 0.036897330483177
