0.023224145781223 -0.0428295165019491 -0.0532386505105939 -0.0148777332023092 0.0178537343357775 0.0144555979126788 0.00046762734361644 -0.0130822652339494
-0.0428295165019491 0.0811831804437626 0.104346577655905 0.0276024978336614 -0.0136140785121437 0.00453059828473644 0.0237970728637495 0.0432483481099391
-0.0532386505105939 0.104346577655905 0.12996756243865 0.0376469558373664 -0.00649857942932058 -8.27436951311425e-05 0.0750864074299771 0.0454187624152916
-0.0148777332023092 0.0276024978336614 0.0376469558373664 0.0303942715840179 -0.00289658144160716 -0.00726195199083124 0.0196901331466105 0.0422938573318759
0.0178537343357775 -0.0136140785121437 -0.00649857942932059 -0.00289658144160716 -0.0634597155644001 -0.0194037980317434 0.0108808438885562 -0.00776954955666333
0.0144555979126788 0.00453059828473643 -8.27436951311416e-05 -0.00726195199083124 -0.0194037980317434 -0.00457058053635317 0.0179479528397517 0.00235903237041344
0.000467627343616439 0.0237970728637495 0.0750864074299771 0.0196901331466105 0.0108808438885562 0.0179479528397517 0.0230692983108053 0.0404581721570811
-0.0130822652339494 0.0432483481099391 0.0454187624152916 0.0422938573318759 -0.00776954955666333 0.00235903237041344 0.0404581721570811 0.0439077893618814
