0.125219753602972 -0.0466683344743433 -0.0241467791303983 -0.00552587573973625 0.0563253278016554 0.0741159061808691 0.0645683278657222 -0.0735099778204011
-0.0466683344743433 0.0935335235717695 0.107083453801869 -0.00705447792234396 -0.0411614841244421 0.0346956858294467 0.0128005236867712 0.0543071362508165
-0.0241467791303983 0.107083453801869 0.114469571465737 -0.00477739288135887 -0.047328603608753 0.0543734020479233 0.0645011560820186 0.00420403207212011
-0.00552587573973625 -0.00705447792234396 -0.00477739288135887 0.0223000427631721 0.0177827715980512 -0.0218295062329303 0.00426282372648948 0.0136858139802801
0.0563253278016554 -0.0411614841244421 -0.047328603608753 0.0177827715980512 -0.0317309466155529 0.00977939302476801 0.0589300888012109 -0.00344040375354338
0.0741159061808691 0.0346956858294467 0.0543734020479233 -0.0218295062329303 0.009779393024768 0.0438600543697798 0.0302900604359175 -0.0283637085732154
0.0645683278657222 0.0128005236867712 0.0645011560820186 0.00426282372648948 0.0589300888012109 0.0302900604359175 0.138061492698784 -0.0559295877680897
-0.0735099778204011 0.0543071362508165 0.0042040320721201 0.0136858139802801 -0.00344040375354337 -0.0283637085732154 -0.0559295877680897 0.0930868727164765
