0.00156446833821182 -0.00246263811863401 -0.00243192111306499 -0.00153942740057109 0.00473786103672842 0.0197440178132227 -0.00620520830367533 0.00380307201490422
-0.00246263811863401 0.0527058776133426 0.07024323574284 -0.0243580070182973 0.0396029221070772 0.0248603332769192 0.0233622360321378 0.0109073562921225
-0.00243192111306499 0.07024323574284 0.0810849036584311 -0.0338526666730329 0.0346114888508567 0.0362062521871183 0.0509454278750511 0.00382343915566278
-0.00153942740057109 -0.0243580070182973 -0.0338526666730329 0.139794945075651 -0.0737351690598917 -0.00258479268376918 -0.0802186178418813 0.0940183804427244
0.00473786103672842 0.0396029221070772 0.0346114888508567 -0.0737351690598917 -0.0289110750749423 0.00497565565931238 0.0492443083424846 -0.0345646704657861
0.0197440178132227 0.0248603332769192 0.0362062521871183 -0.00258479268376918 0.00497565565931238 0.00140982400130884 -0.0191586817698259 0.0168067181333466
-0.00620520830367533 0.0233622360321378 0.050945427875051 -0.0802186178418813 0.0492443083424846 -0.0191586817698259 0.0762647720610367 -0.0316306966205578
0.00380307201490422 0.0109073562921225 0.00382343915566279 0.0940183804427244 -0.0345646704657861 0.0168067181333466 -0.0316306966205578 0.0776911042470137
