0.048312511802792 -0.0495965759536557 -0.0615353115372312 -0.0799086282468072 0.0577239129528137 0.0293600357339811 0.0223657337698179 -0.0728321280604643
-0.0495965759536557 0.0966179740852576 0.101916919966018 0.060262598252657 -0.0102137366439319 0.0017899695214017 0.0895564064524208 0.0639278516824727
-0.0615353115372312 0.101916919966018 0.13177177929944 0.0663064188109607 -0.0176895699942205 -0.0118486402694046 0.119617920535925 0.0368525314698347
-0.0799086282468072 0.060262598252657 0.0663064188109607 0.156520693981169 -0.0864301640870502 -0.0463107907195896 -0.0017810516803716 0.142527424950654
0.0577239129528137 -0.0102137366439319 -0.0176895699942205 -0.0864301640870502 0.0258548468453017 -7.70177865587954e-05 0.109989098075818 -0.0928386775471067
0.0293600357339811 0.0017899695214017 -0.0118486402694046 -0.0463107907195896 -7.7017786558799e-05 9.86929640044371e-06 -0.00841258468372971 -0.00723999539914226
0.0223657337698179 0.0895564064524208 0.119617920535925 -0.0017810516803716 0.109989098075818 -0.00841258468372971 0.304358022804087 -0.08762321223568
-0.0728321280604643 0.0639278516824727 0.0368525314698347 0.142527424950654 -0.0928386775471067 -0.00723999539914226 -0.08762321223568 0.154607261758761
