0.102308968287803 -0.0423942760235954 -0.00162807112625618 -0.0463974179440233 0.0971045496521789 0.058149030922456 0.0557623967002846 -0.0920620656380581
-0.0423942760235954 0.0510865314470879 0.0522738020456825 0.0109732129859817 -0.0122785019485088 0.0120657344389485 0.0109776951092763 0.0380985506500327
-0.00162807112625618 0.0522738020456825 0.0558486860768416 -0.00415586453569723 0.00152817725458114 0.0465920425315317 0.0771004047941165 0.0161343582282951
-0.0463974179440233 0.0109732129859817 -0.00415586453569723 0.139474435244193 -0.0304429939754505 -0.0632922353884518 -0.0105413271547562 0.0764272838155345
0.0971045496521789 -0.0122785019485088 0.00152817725458114 -0.0304429939754505 0.0203600629736619 0.0581606537863142 0.0238169178486934 -0.0615562784268798
0.058149030922456 0.0120657344389485 0.0465920425315317 -0.0632922353884518 0.0581606537863142 0.0376491199269258 0.0160998095263379 -0.0394206353130959
0.0557623967002846 0.0109776951092763 0.0771004047941165 -0.0105413271547562 0.0238169178486934 0.0160998095263379 0.130949022610033 -0.0401993997235422
-0.0920620656380581 0.0380985506500327 0.0161343582282951 0.0764272838155345 -0.0615562784268798 -0.0394206353130959 -0.0401993997235422 0.0803254631507321
