0.0164382705195148 -0.00756949263630387 -0.012093678195125 -0.0027515458019799 0.0326038106273359 0.00931425583364501 0.0301494564694416 -0.00209926868483957
-0.00756949263630387 0.0455189739688683 0.0534155352915898 0.0129826502508926 0.0147343582980528 0.0157102675466963 0.0187099737624167 0.0301668169117922
-0.012093678195125 0.0534155352915898 0.0905454381512932 0.00233897501168008 0.0319979837946355 0.0233056417295409 0.0343858639299421 0.0243407434074868
-0.0027515458019799 0.0129826502508926 0.00233897501168008 0.0319886105424498 0.0124602202231302 -0.0174394643653679 0.0163957527452858 0.0178469617507723
0.0326038106273359 0.0147343582980528 0.0319979837946355 0.0124602202231302 -0.000236604064562646 0.000607329532676821 0.0810480854928967 -0.00744010244009684
0.00931425583364501 0.0157102675466963 0.0233056417295409 -0.0174394643653679 0.000607329532676821 0.0123837879856675 0.000481244355562776 0.0172130988926815
0.0301494564694416 0.0187099737624167 0.0343858639299421 0.0163957527452858 0.0810480854928967 0.000481244355562773 0.0307537949146912 0.00239208445604038
-0.00209926868483957 0.0301668169117922 0.0243407434074868 0.0178469617507723 -0.00744010244009684 0.0172130988926815 0.00239208445604038 0.0403361373386847
