0.0729054077211532 -0.0862248180660735 -0.061280740983078 -0.069333610405014 0.0848493621822082 0.0468136194895372 0.0502270875998675 -0.0980561512195496
-0.0862248180660735 0.145342342779397 0.135328440777776 0.0576243392953113 -0.0579025853903239 -0.0194629878064324 0.0329586883404313 0.106741016788894
-0.061280740983078 0.135328440777776 0.140474388833664 0.0209639502751793 -0.0293413046769655 -0.00869981436905125 0.106272969261055 0.0992590506605368
-0.069333610405014 0.0576243392953113 0.0209639502751793 0.122777077921942 -0.0908224856242989 -0.0667184599257084 -0.0764137504222964 0.132519916233265
0.0848493621822082 -0.0579025853903239 -0.0293413046769655 -0.0908224856242989 0.0403346573982349 0.0689978004241507 0.0929249271864317 -0.10349732965194
0.0468136194895372 -0.0194629878064324 -0.00869981436905125 -0.0667184599257084 0.0689978004241507 0.00945501230203281 -0.0213891099867045 -0.0631108925060249
0.0502270875998675 0.0329586883404313 0.106272969261055 -0.0764137504222964 0.0929249271864317 -0.0213891099867045 0.333430264950101 -0.00999394865143573
-0.0980561512195496 0.106741016788894 0.0992590506605368 0.132519916233265 -0.10349732965194 -0.0631108925060249 -0.00999394865143574 0.144304420729646
