0.0348268845213788 -0.0424395777373138 -0.0188408499796316 -0.0294968404350906 0.0522203441638434 0.0486372532672233 0.0247915080665526 -0.0326049303765788
-0.0424395777373138 0.0861227840710057 0.06881064254674 0.0147517190849929 0.015024809188017 -0.0104780813618657 0.0171687569765421 0.0451781830591784
-0.0188408499796316 0.06881064254674 0.081365399192269 0.00497334009318886 0.00997197128433382 0.0113413209425342 -0.00746907474883262 0.0207384995596347
-0.0294968404350906 0.0147517190849929 0.00497334009318886 0.0607378053251502 -0.0536837391754911 -0.0511634149102562 -0.0254788144085665 0.0489250896811499
0.0522203441638434 0.015024809188017 0.00997197128433382 -0.0536837391754911 0.00364011898174784 0.0890266821488336 0.101491280475731 -0.0231755752002666
0.0486372532672233 -0.0104780813618657 0.0113413209425342 -0.0511634149102562 0.0890266821488336 0.0638593488152125 0.0150335910026977 -0.0143872006053423
0.0247915080665526 0.0171687569765421 -0.00746907474883262 -0.0254788144085665 0.101491280475731 0.0150335910026977 0.101171980940568 -0.0246142767247443
-0.0326049303765788 0.0451781830591784 0.0207384995596347 0.0489250896811499 -0.0231755752002666 -0.0143872006053423 -0.0246142767247443 0.01967581754378
