0.0470702264146164 -0.0559751127136859 -0.0613821797359545 -0.0394393665006742 0.0484490465707161 0.0448317516408509 -0.038081800832297 -0.0324346834037428
-0.0559751127136859 0.0862626109897575 0.111661395705929 0.0622384689563843 -0.0295067424136384 -0.00322678457033507 0.0274187859781277 0.0679834804006966
-0.0613821797359545 0.111661395705929 0.140309398320013 0.0308708005946047 -0.0283855368279658 -0.00616906711538423 0.0583916482390458 0.0511955586908345
-0.0394393665006742 0.0622384689563843 0.0308708005946047 0.1600899130475 -0.037082435869848 -0.038814711361676 -0.00328860725606872 0.0859858120364215
0.0484490465707161 -0.0295067424136384 -0.0283855368279658 -0.037082435869848 -0.0343156239145026 0.0216203732065237 0.0507289605617287 -0.0469455130767089
0.0448317516408509 -0.00322678457033507 -0.00616906711538423 -0.038814711361676 0.0216203732065237 0.0365561142249735 -0.0891459939880865 0.0372702154112233
-0.038081800832297 0.0274187859781277 0.0583916482390458 -0.00328860725606871 0.0507289605617287 -0.0891459939880865 0.150691109606575 -0.0644019794952742
-0.0324346834037428 0.0679834804006966 0.0511955586908345 0.0859858120364215 -0.0469455130767089 0.0372702154112233 -0.0644019794952742 0.0924500934014151
