0.0637097669814221 -0.0177769750894534 -0.00649193049496024 -0.0199556018167006 0.0657124108092962 0.0456937473789577 0.031359012429756 -0.0313867006601352
-0.0177769750894534 0.0455649049422966 0.049125256688173 0.0105164358441074 0.030980071691413 -0.00286021416942263 0.064105072916391 0.00263471863211726
-0.00649193049496024 0.049125256688173 0.0668730472386876 -0.0426293659626181 0.0200414362436022 0.0320637425491462 0.069170563000081 0.00430284437560162
-0.0199556018167006 0.0105164358441074 -0.0426293659626181 0.0800930529623088 -0.0204489102190882 -0.0388575984829806 -0.0324633723395586 0.0682263199198866
0.0657124108092962 0.030980071691413 0.0200414362436022 -0.0204489102190882 0.0322090235267462 0.0358484340171976 0.116269631642123 -0.0435918790550941
0.0456937473789577 -0.00286021416942263 0.0320637425491462 -0.0388575984829806 0.0358484340171976 0.003724963679666 -0.0136126599853972 -0.0132590394459931
0.031359012429756 0.064105072916391 0.069170563000081 -0.0324633723395586 0.116269631642123 -0.0136126599853972 0.177089173990177 -0.0620920330560451
-0.0313867006601352 0.00263471863211726 0.00430284437560162 0.0682263199198866 -0.0435918790550941 -0.0132590394459931 -0.0620920330560451 0.0559632884042385
