0.0888593637438182 -0.0779463890276694 -0.052215119391481 -0.0300663933949946 0.118795699266787 0.0189088127226048 0.0556992318397895 -0.071430964843581
-0.0779463890276694 0.0820939738977295 0.0817495184754243 0.0259022805595947 -0.0906400791905244 -0.00395283520561022 -0.025320942949201 0.0749058809663753
-0.052215119391481 0.0817495184754243 0.0854437072969549 0.012128255554213 -0.0523312626838353 0.0112772197102149 -0.0286720876951318 0.0607096626575026
-0.0300663933949947 0.0259022805595947 0.012128255554213 0.041923275056261 -0.0430425177487703 -0.0181023969159589 -0.00320200085027169 0.0471592292882873
0.118795699266787 -0.0906400791905244 -0.0523312626838353 -0.0430425177487703 0.121889557947677 0.0474899498357577 0.089364988956104 -0.0758201704996211
0.0189088127226048 -0.00395283520561022 0.0112772197102149 -0.0181023969159589 0.0474899498357577 -0.022735070089312 -0.0160781745540826 -0.0117199145602592
0.0556992318397895 -0.025320942949201 -0.0286720876951318 -0.00320200085027169 0.089364988956104 -0.0160781745540826 0.122771478483914 -0.00740103078577752
-0.071430964843581 0.0749058809663753 0.0607096626575026 0.0471592292882873 -0.0758201704996211 -0.0117199145602592 -0.00740103078577752 0.0587598031609396
