0.128890467240839 -0.0984769794843603 -0.0912213416166113 -0.0323380121499962 0.128345821209271 0.0680051269416838 -0.00384557646531784 -0.0823083664622209
-0.0984769794843603 0.171581349807153 0.139368736556571 0.04498703063721 -0.0582285988228539 0.00621732135071498 0.00566580550312991 0.0978673842713143
-0.0912213416166113 0.139368736556571 0.169160626304065 0.031247484011001 -0.092671996753244 -0.0011831326673616 0.0811891455865899 0.0822544857884904
-0.0323380121499962 0.04498703063721 0.031247484011001 0.0638491499813739 -0.0359695323964152 -0.0101583486651757 0.0139989332316252 0.0780547969728882
0.128345821209271 -0.0582285988228539 -0.092671996753244 -0.0359695323964152 0.0276879309380247 0.0814747488175697 -0.0403465652217727 -0.0480597956035286
0.0680051269416838 0.00621732135071499 -0.0011831326673616 -0.0101583486651757 0.0814747488175697 0.0239536834666018 -0.0531394324710306 -0.00180851199378117
-0.00384557646531783 0.00566580550312991 0.0811891455865899 0.0139989332316252 -0.0403465652217727 -0.0531394324710306 0.141229419085448 -0.0268948992078985
-0.0823083664622209 0.0978673842713143 0.0822544857884904 0.0780547969728882 -0.0480597956035286 -0.00180851199378117 -0.0268948992078985 0.121596593698664
