0.127677106456373 -0.103628706531028 -0.115191857188503 -0.0636357827365385 0.123141912435143 0.0381789390813941 0.0502275857359115 -0.121383821734445
-0.103628706531028 0.129749852916107 0.117399225589229 0.0327385065059854 -0.0820664747510929 0.00711913584061671 -0.0555520112732172 0.143204020599731
-0.115191857188503 0.117399225589229 0.115997580752233 0.0389508911341538 -0.0936219074781575 0.000962004756389636 -0.0192935281244209 0.112749586018848
-0.0636357827365385 0.0327385065059854 0.0389508911341538 0.0429908509619625 -0.0364460616869454 -0.0367238108009797 -0.0045085986895553 0.0419661576304082
0.123141912435143 -0.0820664747510929 -0.0936219074781575 -0.0364460616869454 0.0508150579486884 0.0188124300957105 0.0838601323811674 -0.109786598876777
0.0381789390813941 0.00711913584061671 0.000962004756389631 -0.0367238108009797 0.0188124300957105 -0.00830052354676862 -0.00858921821614382 -0.00530012114394849
0.0502275857359115 -0.0555520112732172 -0.0192935281244209 -0.0045085986895553 0.0838601323811674 -0.00858921821614382 0.103739088230852 -0.0870893081587575
-0.121383821734445 0.143204020599731 0.112749586018848 0.0419661576304082 -0.109786598876777 -0.00530012114394849 -0.0870893081587575 0.206666205781829
