0.0497465955908193 -0.0223057994070493 -0.0376033886216117 -0.0244576531481128 0.0585517744161696 0.0276812103649239 0.0154441475930265 -0.0478407061380709
-0.0223057994070493 0.0451096948282568 0.0564924418630964 0.0537912848607609 -0.0218645366374867 0.00112675262580313 0.00870987071947954 0.0631996043489203
-0.0376033886216117 0.0564924418630964 0.129052153078083 0.0312949709757186 -0.036757074910264 -0.00225404480474404 0.0499924107127021 0.0495335350521326
-0.0244576531481128 0.0537912848607609 0.0312949709757186 0.087096246790306 -0.047606131321382 -0.0402772938816615 -0.0261593875140106 0.0922080355476758
0.0585517744161696 -0.0218645366374867 -0.036757074910264 -0.047606131321382 -0.00664018013471314 0.0374602269898688 0.0497878838468434 -0.0465355115930621
0.0276812103649239 0.00112675262580313 -0.00225404480474404 -0.0402772938816615 0.0374602269898688 -0.0117983177871319 0.0422449031086576 -0.0155039939542492
0.0154441475930265 0.00870987071947953 0.0499924107127021 -0.0261593875140106 0.0497878838468434 0.0422449031086576 0.092892675738322 -0.0190028584076479
-0.0478407061380709 0.0631996043489203 0.0495335350521326 0.0922080355476758 -0.0465355115930622 -0.0155039939542492 -0.0190028584076479 0.0814618058626968
