0.0482418916137633 -0.00833104549072038 -0.00974072114564594 -0.0515200855959009 0.0461885831415465 0.0637587698308209 0.0322284323409495 -0.0231775967631814
-0.00833104549072038 0.0932147859477988 0.0836443680257287 -0.0421208918710428 0.0304443448917157 0.0549492207848094 0.0581962420510741 0.0188598715865148
-0.00974072114564595 0.0836443680257287 0.0895937943633082 -0.0180649915327193 0.025899633352419 0.0510535351010964 0.0680331412394297 0.00507190938609849
-0.0515200855959009 -0.0421208918710428 -0.0180649915327193 0.0826502209508787 -0.015338415505924 -0.0873782125411533 -0.035742799311549 0.0129555189717922
0.0461885831415465 0.0304443448917157 0.025899633352419 -0.015338415505924 0.0319326338601418 0.0515384210266466 0.0815222207309257 -0.037073808162848
0.0637587698308209 0.0549492207848094 0.0510535351010964 -0.0873782125411533 0.0515384210266466 0.0742488494518518 0.0591229294287458 -0.0224332030749539
0.0322284323409495 0.0581962420510741 0.0680331412394297 -0.035742799311549 0.0815222207309257 0.0591229294287458 0.0378505616828102 -0.0258307916021811
-0.0231775967631814 0.0188598715865148 0.00507190938609849 0.0129555189717922 -0.037073808162848 -0.0224332030749539 -0.0258307916021811 0.0446636551525365
