0.0317588576534445 -0.055362666065277 -0.0218900502792653 0.0136234982861953 0.0433129222304911 -0.00355572884902973 0.0702513152408068 -0.0596567890255283
-0.055362666065277 0.10239288791607 0.0812495619045822 0.0321606896349622 -0.0539036126979103 0.0561876078157294 -0.0871450765655414 0.0906256683509306
-0.0218900502792653 0.0812495619045822 0.0377504431035772 -0.0246039300366585 -0.0589381019260656 0.0606156569436181 -0.00503873426661315 0.031316757814888
0.0136234982861953 0.0321606896349622 -0.0246039300366585 0.153015105497901 0.0775617731672874 -0.0558486085958296 -0.0147962000557733 0.0578155348905301
0.0433129222304911 -0.0539036126979103 -0.0589381019260657 0.0775617731672874 -0.00829552462881114 -0.100815195290906 0.0538091080469756 -0.01490143018923
-0.00355572884902974 0.0561876078157294 0.0606156569436181 -0.0558486085958296 -0.100815195290906 0.0460332225362658 -0.0194979733907677 0.026219911516812
0.0702513152408068 -0.0871450765655414 -0.00503873426661315 -0.0147962000557733 0.0538091080469756 -0.0194979733907677 0.0950895090004418 -0.0181295948870877
-0.0596567890255283 0.0906256683509307 0.031316757814888 0.0578155348905301 -0.01490143018923 0.026219911516812 -0.0181295948870877 0.0172859626701508
