0.0517142099585741 -0.0398369506204111 -0.0155036124772682 -0.0155777553676967 0.0785569902310391 0.0219656513516098 0.0633783527406585 -0.0370798794814211
-0.0398369506204111 0.103799969778492 0.0551961618023429 0.0155074211834217 -0.0431276276868999 0.0358747805194066 -0.0486071539968072 0.0347483667135605
-0.0155036124772682 0.0551961618023429 0.0502890717667763 -0.013004303785782 -0.0181419708391049 0.0300940904577726 0.0321411099222163 -0.00152198188972916
-0.0155777553676967 0.0155074211834217 -0.013004303785782 0.0488940165904249 0.00514987592566248 -0.0317993023796993 -0.0132414461499732 0.0473011568521164
0.0785569902310391 -0.0431276276868999 -0.0181419708391049 0.00514987592566248 0.11060974999697 0.0103652165773781 0.106834145605693 -0.0481528450023141
0.0219656513516098 0.0358747805194066 0.0300940904577726 -0.0317993023796993 0.0103652165773781 0.0150070621138769 0.0293142887217017 -0.0239956871581498
0.0633783527406585 -0.0486071539968072 0.0321411099222163 -0.0132414461499732 0.106834145605693 0.0293142887217017 0.08242500280087 -0.0474414919829854
-0.0370798794814211 0.0347483667135605 -0.00152198188972916 0.0473011568521164 -0.0481528450023141 -0.0239956871581498 -0.0474414919829854 0.0505494571025786
