0.110301083558179 -0.12800017155467 -0.101670106229229 -0.00951591669105504 0.113645291530313 0.017885727342798 0.0289528235105342 -0.0625468394627447
-0.12800017155467 0.170932003594371 0.146678839214818 0.0117189938251146 -0.090156280188776 -0.0183790519088632 0.0039579651107836 0.0740165187828323
-0.101670106229229 0.146678839214818 0.145655369799279 -0.00598771839221124 -0.0855667687446036 0.0117835387264402 0.0375698979355179 0.0652980781719186
-0.00951591669105504 0.0117189938251146 -0.00598771839221124 0.00668738601078641 0.00172352340825379 -0.0117721927805111 0.000196940919890464 0.0208628021399945
0.113645291530313 -0.090156280188776 -0.0855667687446036 0.00172352340825379 0.0648655477923909 0.00325355765601873 0.0936273702122356 -0.0472525717806533
0.017885727342798 -0.0183790519088632 0.0117835387264402 -0.0117721927805111 0.00325355765601873 0.0115729873413513 -0.0233572149668225 0.0151730241038239
0.0289528235105342 0.0039579651107836 0.0375698979355179 0.000196940919890461 0.0936273702122356 -0.0233572149668225 0.153379520107307 -0.0113094429911103
-0.0625468394627447 0.0740165187828323 0.0652980781719186 0.0208628021399945 -0.0472525717806533 0.0151730241038239 -0.0113094429911103 0.0307514584695582
