0.0698341068776508 -0.00986894332267674 0.026251204208197 -0.0355064937315304 0.0911056882532296 0.0478948193213181 0.0724907113207613 -0.0500785152429931
-0.00986894332267674 0.015314515538174 0.0407922609104341 -0.00946195637177736 -0.00924537704102425 0.0202282823593801 0.0219775471437045 0.0156260537589374
0.026251204208197 0.0407922609104341 0.0802592335871268 -0.02662064312371 0.022794902790903 0.0273820097206578 0.0891380951612365 -0.0178450280692839
-0.0355064937315304 -0.00946195637177736 -0.02662064312371 0.0745365577381677 -0.0103283110963378 -0.0400370191527923 -0.0254941070168497 0.0469156390779111
0.0911056882532296 -0.00924537704102425 0.022794902790903 -0.0103283110963378 0.0469444738869511 0.0402001580008917 0.1344643682847 -0.0370053256954999
0.0478948193213181 0.0202282823593801 0.0273820097206578 -0.0400370191527923 0.0402001580008917 0.0242405299426458 0.0612779699630733 -0.0222016606894706
0.0724907113207613 0.0219775471437045 0.0891380951612365 -0.0254941070168497 0.1344643682847 0.0612779699630733 0.207764263595901 -0.0269409376479438
-0.0500785152429931 0.0156260537589374 -0.0178450280692839 0.0469156390779111 -0.0370053256954999 -0.0222016606894706 -0.0269409376479438 0.0488739428004369
