0.120216645992293 -0.109707256213073 -0.0638095797511813 -0.0242856187951905 0.116081142154617 0.0311703366668354 0.0312156774569704 -0.0753271628586633
-0.109707256213073 0.130189297064879 0.0949459335804307 0.0330462175958187 -0.0931387262031476 -0.00474138473720384 -0.0366486566739161 0.0932333973718
-0.0638095797511813 0.0949459335804307 0.104314340366297 0.0555204330914304 -0.0562405578076225 -0.00324100744308194 0.0140413655556709 0.074257889234912
-0.0242856187951905 0.0330462175958187 0.0555204330914304 0.0672564630188134 -0.0217588158663926 -0.013791829625692 0.00330149820097848 0.0734764801768906
0.116081142154617 -0.0931387262031476 -0.0562405578076225 -0.0217588158663926 0.088943022001611 0.00806053347170573 0.0772066915639213 -0.0712207102485465
0.0311703366668354 -0.00474138473720384 -0.00324100744308194 -0.013791829625692 0.00806053347170573 0.0122482270874018 -0.037579913890601 -0.00611659389584206
0.0312156774569704 -0.0366486566739161 0.0140413655556709 0.00330149820097848 0.0772066915639213 -0.037579913890601 0.079010352723598 -0.0303615785165648
-0.0753271628586633 0.0932333973718 0.074257889234912 0.0734764801768906 -0.0712207102485465 -0.00611659389584206 -0.0303615785165648 0.0748125867755891
