0.079003689863824 -0.0573406144220026 -0.0347362731490626 -0.0982648725548879 0.0505594001889152 0.0337897633521448 0.0395600671195729 -0.0819785012988736
-0.0573406144220026 0.0786135473099581 0.0928458602269202 0.0398916559308205 -0.00883113338948041 0.0205310863749035 0.0321791492775006 0.055099308120565
-0.0347362731490626 0.0928458602269202 0.117751881052901 -0.00763465224901455 -0.0546269907594642 0.010792704681263 0.102534409655624 0.0224993417545464
-0.0982648725548879 0.0398916559308205 -0.00763465224901455 0.207568063196776 -0.0371927921859743 -0.0693665178231142 -0.0799592809618377 0.164062727107553
0.0505594001889152 -0.00883113338948041 -0.0546269907594642 -0.0371927921859743 0.0200007651244012 0.044289053162703 0.0200721192273794 -0.0197411505020658
0.0337897633521448 0.0205310863749035 0.010792704681263 -0.0693665178231142 0.044289053162703 0.039083398316825 -0.0390149163830114 -0.0323667737975302
0.0395600671195729 0.0321791492775006 0.102534409655624 -0.0799592809618377 0.0200721192273794 -0.0390149163830114 0.141923737000217 -0.0615622802570242
-0.0819785012988736 0.055099308120565 0.0224993417545464 0.164062727107553 -0.0197411505020658 -0.0323667737975302 -0.0615622802570242 0.105930660627034
