0.0495544351535817 -0.0242517280645444 -0.0179096124178386 -0.0380354121088936 0.0379172135886502 -0.00176801530262625 0.0377642323186192 -0.0358008857526815
-0.0242517280645444 0.0456897369736109 0.0589375850683856 0.000681397017482032 0.00949608052937601 0.0120816496482016 0.0293044451399945 0.0256194553429276
-0.0179096124178386 0.0589375850683856 0.0486971460769524 0.00433711107036437 0.00921320148127638 -0.00268278189863377 0.0551530228901923 0.0225743660368425
-0.0380354121088936 0.000681397017482031 0.00433711107036437 0.0699272087116781 -0.00590743975760564 -0.0054390225355916 -0.00932457665295248 0.0578111099230565
0.0379172135886502 0.00949608052937601 0.00921320148127638 -0.00590743975760564 0.00480619044147187 -0.0209789370870845 0.0804325181611428 -0.0383140118527709
-0.00176801530262625 0.0120816496482016 -0.00268278189863377 -0.0054390225355916 -0.0209789370870845 -0.00747978153267446 -0.0287570707650598 0.0146755096114335
0.0377642323186192 0.0293044451399945 0.0551530228901923 -0.00932457665295248 0.0804325181611428 -0.0287570707650598 0.0490911081151711 -0.0253981023119187
-0.0358008857526815 0.0256194553429276 0.0225743660368425 0.0578111099230565 -0.0383140118527709 0.0146755096114335 -0.0253981023119187 0.0606483703034151
