0.0630821510922064 -0.0248335517797908 0.0153350792937863 -0.0342604420402518 0.0725412723752144 0.0455283750705913 0.0488567554699575 -0.0800471848490664
-0.0248335517797908 0.0910126468299758 0.0626228417569379 -0.0370554236340169 -0.0699476518831242 0.0135724534595913 -0.0402306588200416 0.0554645816285164
0.0153350792937863 0.0626228417569379 0.0464352553879835 -0.0399285978084404 -0.030424657368049 0.0116511996949692 0.0323203017706026 -0.00460731145354411
-0.0342604420402518 -0.0370554236340169 -0.0399285978084404 0.0924941519766032 0.00204936540403821 -0.0646641495978495 -0.0165066089428653 0.0676700766741011
0.0725412723752144 -0.0699476518831242 -0.030424657368049 0.0020493654040382 0.0623855070006856 0.0759642749593313 0.0494925326545281 -0.0340081695082604
0.0455283750705913 0.0135724534595913 0.0116511996949692 -0.0646641495978495 0.0759642749593313 0.0341424248510735 0.00822401059629894 -0.0161118780599464
0.0488567554699575 -0.0402306588200416 0.0323203017706026 -0.0165066089428653 0.0494925326545281 0.00822401059629894 -0.000144718227128803 -0.0667149873001293
-0.0800471848490664 0.0554645816285164 -0.00460731145354411 0.0676700766741011 -0.0340081695082604 -0.0161118780599464 -0.0667149873001293 0.150582987026027
