0.0461721596674621 -0.0242006010905921 -0.0483905882619792 -0.00359347218181898 0.0588819073684179 0.0231468750686819 -0.0788105324923344 -0.00219110938305158
-0.0242006010905921 0.0716721879287891 0.0702700191630491 0.0332479496678115 0.00558870331148966 0.0115307653228859 0.0729145306140426 0.0173224724771168
-0.0483905882619792 0.0702700191630491 0.0810152490751014 0.0274271459518268 -0.0208303103208857 0.013955312831752 0.133506357645912 0.000147043884766076
-0.00359347218181898 0.0332479496678115 0.0274271459518268 0.051991382076682 -0.0114926069267877 -0.00706535443497439 0.000145175796753637 0.030903722538605
0.0588819073684179 0.00558870331148966 -0.0208303103208857 -0.0114926069267877 0.0586626176550605 0.00498620308758007 0.00181845199727208 -0.00669516332291042
0.0231468750686819 0.0115307653228859 0.0139553128317519 -0.00706535443497439 0.00498620308758007 -0.0157597331887863 -0.0167688135553297 -0.00156990801695473
-0.0788105324923344 0.0729145306140426 0.133506357645912 0.00014517579675364 0.00181845199727209 -0.0167688135553297 0.21846154334223 -0.0250609553902003
-0.00219110938305158 0.0173224724771168 0.000147043884766077 0.030903722538605 -0.00669516332291042 -0.00156990801695473 -0.0250609553902003 0.0147232248590245
