0.0813819992839428 -0.0767405380022551 -0.065513019016734 -0.0320025306191344 0.0564249570564309 0.0183790687503439 -0.0222396121425194 -0.0697685812427197
-0.0767405380022551 0.120654636579649 0.112630670769987 0.0127080424845734 -0.0503191352286612 0.0284842529780124 0.0668643151224466 0.0717994773737794
-0.065513019016734 0.112630670769987 0.137561957410979 -0.0222973602463913 -0.0284905654636585 -0.00049195437442548 0.128877631140583 0.0159247733151138
-0.0320025306191344 0.0127080424845734 -0.0222973602463913 0.123107162984702 -0.0201074990468244 -0.0141386227339938 -0.00709790793059796 0.0565631465096538
0.0564249570564309 -0.0503191352286612 -0.0284905654636585 -0.0201074990468244 -0.0711671941033268 -0.0146158428382484 0.027246425695976 -0.041119462251188
0.0183790687503439 0.0284842529780124 -0.000491954374425479 -0.0141386227339938 -0.0146158428382484 -0.0235821458470115 -0.024013175419635 0.0216096857890946
-0.0222396121425194 0.0668643151224466 0.128877631140583 -0.00709790793059796 0.027246425695976 -0.024013175419635 0.131406856624117 -0.0546126149766475
-0.0697685812427197 0.0717994773737794 0.0159247733151138 0.0565631465096538 -0.041119462251188 0.0216096857890946 -0.0546126149766475 0.120750011023233
