0.0320418205717825 -0.0519228058692181 -0.0328687733613516 -0.0204762612873337 0.0510463772117023 0.0309735280175167 0.0715364571475123 -0.0304607709339992
-0.0519228058692181 0.0790007934940033 0.0662980406576165 0.0240371002064409 -0.0348057867749725 -0.014318782461242 -0.0712034696186539 0.037418930769207
-0.0328687733613516 0.0662980406576165 0.0422601958239876 0.00468723061804385 -0.0291987238661752 0.0206110998742254 -0.0135946083808132 0.0343253239986769
-0.0204762612873337 0.0240371002064409 0.00468723061804385 0.0205910291189027 -0.00897671107510856 -0.0207220719951248 -0.0553580300971062 0.0348676933780347
0.0510463772117023 -0.0348057867749725 -0.0291987238661752 -0.00897671107510856 -0.060610814619204 0.0195603605807943 0.0911612813610233 -0.0186494408983902
0.0309735280175167 -0.014318782461242 0.0206110998742254 -0.0207220719951248 0.0195603605807944 0.0082927808342057 0.0673806261998779 -0.00133534184187541
0.0715364571475123 -0.0712034696186539 -0.0135946083808132 -0.0553580300971062 0.0911612813610233 0.0673806261998779 0.221304230101324 -0.0556223746930515
-0.0304607709339992 0.037418930769207 0.0343253239986769 0.0348676933780347 -0.0186494408983902 -0.00133534184187541 -0.0556223746930515 0.015427074417269
