0.0410151322800235 -0.0179045470004716 -0.0142601756161851 -0.0264176477945144 0.0755185377408567 0.0161622985067328 0.0296532058532609 -0.0683335765026375
-0.0179045470004716 0.0573412539152988 0.0316380935381065 0.00537814740015426 -0.0103080874278463 0.013083401315378 -0.00148942857298136 0.0186799828384036
-0.0142601756161851 0.0316380935381065 0.0543425626841666 -0.00198096762684483 -0.00820029123182644 0.00199842473276935 0.0521583195893033 0.0326166241246857
-0.0264176477945144 0.00537814740015426 -0.00198096762684483 0.063305717850755 -0.0351828947470776 0.00134526356753533 -0.0243916772654004 0.0850251760234784
0.0755185377408567 -0.0103080874278463 -0.00820029123182644 -0.0351828947470776 0.0438852940862255 0.0383823558039241 0.077138208492932 -0.0803500218936367
0.0161622985067328 0.013083401315378 0.00199842473276936 0.00134526356753533 0.0383823558039241 -0.0180664352554002 0.00249514616730318 -0.00292914589950301
0.0296532058532609 -0.00148942857298136 0.0521583195893033 -0.0243916772654004 0.077138208492932 0.00249514616730318 0.0133858552289552 -0.0405092103502763
-0.0683335765026375 0.0186799828384036 0.0326166241246857 0.0850251760234784 -0.0803500218936367 -0.00292914589950301 -0.0405092103502763 0.127461006266875
