0.0813409494359964 -0.0640739098603993 -0.0668750229420391 -0.0167958142742341 0.103714373344944 -0.00203088959685766 0.0412251963208223 -0.0753554248591209
-0.0640739098603993 0.0761852680613912 0.0658411866395403 0.0328669570482107 -0.0518144881767772 0.0144532905680063 -0.0379154081291079 0.0760789604907945
-0.0668750229420391 0.0658411866395403 0.074048013387916 0.0230384560247867 -0.0709333736559119 0.00548345542789618 0.0469005593323784 0.0653594094310408
-0.0167958142742341 0.0328669570482107 0.0230384560247867 0.0294808903313013 0.00930487476445319 0.0144021372713376 0.0083350705643294 0.0310499046492493
0.103714373344944 -0.0518144881767772 -0.0709333736559119 0.0093048747644532 0.0474578416261639 0.0257720762388934 0.0632349853376183 -0.072674722939986
-0.00203088959685766 0.0144532905680063 0.00548345542789618 0.0144021372713376 0.0257720762388934 -0.0109315670073498 -0.00311162356735542 0.0184605751827823
0.0412251963208223 -0.0379154081291079 0.0469005593323784 0.0083350705643294 0.0632349853376183 -0.00311162356735542 0.195189264926356 -0.0494616565734954
-0.0753554248591209 0.0760789604907945 0.0653594094310408 0.0310499046492493 -0.072674722939986 0.0184605751827823 -0.0494616565734954 0.0875573388381009
