0.110949504181369 -0.0525308169732252 -0.0499152531416861 -0.0576797212547496 0.13991981414289 0.0744054715515749 -0.021909377227408 -0.0899291152637446
-0.0525308169732252 0.0955843239533059 0.105522688717125 0.0560721814020346 -0.0337225549862252 0.0351439833883461 0.0426691635173551 0.104222233393462
-0.0499152531416861 0.105522688717125 0.10488434588928 0.0346895668048974 -0.0467377598049921 0.0270408628631395 0.0948078989738372 0.0861148430194837
-0.0576797212547496 0.0560721814020346 0.0346895668048974 0.161872404858161 -0.0411115607391085 -0.0384480733394602 -0.0257244290078219 0.0987843289645846
0.13991981414289 -0.0337225549862252 -0.0467377598049921 -0.0411115607391085 0.120026690391178 0.0833760535450639 -0.019507686283676 -0.0691352773566108
0.0744054715515749 0.0351439833883461 0.0270408628631395 -0.0384480733394602 0.0833760535450639 0.0474456415914786 -0.00989984415240055 -0.00792284109326775
-0.0219093772274079 0.0426691635173551 0.0948078989738372 -0.0257244290078219 -0.019507686283676 -0.00989984415240055 0.213697244810601 0.0276602592161247
-0.0899291152637446 0.104222233393462 0.0861148430194837 0.0987843289645846 -0.0691352773566108 -0.00792284109326775 0.0276602592161247 0.125553413850596
