0.0344518645708051 -0.0324836962483637 -0.00576462779763028 -0.0215181751117232 0.0491949754396753 0.018754360312997 0.0150162668941782 -0.0493318745104174
-0.0324836962483637 0.0746995928069543 0.0695839174099204 0.0171932166721626 -0.042706702826801 -0.00379037065088964 0.0140138154183967 0.054127704217856
-0.00576462779763028 0.0695839174099204 0.0444057722208794 0.0102181673103469 -0.030004620009867 0.00309994723415693 0.0319897048267726 0.020558486974256
-0.0215181751117232 0.0171932166721626 0.0102181673103469 0.0527853663068108 -0.0140798873514148 -0.0172335024286387 -0.00868311883831994 0.0270568440558805
0.0491949754396753 -0.042706702826801 -0.030004620009867 -0.0140798873514148 -0.0156109518846523 0.0290409857596783 0.0358530802300594 -0.0345173105734599
0.018754360312997 -0.00379037065088964 0.00309994723415693 -0.0172335024286387 0.0290409857596783 -0.02481806036769 -0.00699903854245055 -0.0049373807387896
0.0150162668941782 0.0140138154183967 0.0319897048267726 -0.00868311883831994 0.0358530802300594 -0.00699903854245054 0.00415264350913731 0.0160692080546498
-0.0493318745104174 0.054127704217856 0.020558486974256 0.0270568440558805 -0.0345173105734599 -0.0049373807387896 0.0160692080546498 0.0770127401514425
