0.0616967439577472 -0.0508055921858551 -0.0455288250937649 -0.00625894553781364 0.0821707507892528 0.0352350099668086 0.000228295566067627 -0.0523427837656105
-0.0508055921858551 0.107257624040844 0.0902364121157793 0.00286794549308262 -0.0695975832512399 0.0136531089705405 0.0258976399348266 0.0529224505781216
-0.0455288250937649 0.0902364121157793 0.0986298690649935 -0.0236917253533689 -0.0696226764599665 -0.00310672120783019 0.0581276512837501 0.0112414077244534
-0.00625894553781365 0.00286794549308262 -0.0236917253533689 0.100337687790289 -0.00704868916532748 -0.0255142780605781 0.0130586045835783 0.0306950580821087
0.0821707507892528 -0.0695975832512399 -0.0696226764599665 -0.00704868916532748 0.0038406702964396 0.0179937522878441 -0.00223774870080725 -0.0401426124592578
0.0352350099668085 0.0136531089705405 -0.00310672120783018 -0.0255142780605781 0.0179937522878441 -0.00214439396252325 -0.0409927592513563 0.0111462269162123
0.000228295566067628 0.0258976399348266 0.0581276512837501 0.0130586045835783 -0.00223774870080725 -0.0409927592513563 0.029030719750144 -0.0342839975925236
-0.0523427837656105 0.0529224505781216 0.0112414077244534 0.0306950580821087 -0.0401426124592578 0.0111462269162123 -0.0342839975925236 0.0616862759176809
