0.0928386538926285 -0.020917357680284 -0.0301101469788718 -0.0196694438444906 0.119965644713975 0.0454230319690283 0.0740004775511985 -0.0502281013379937
-0.020917357680284 0.0403619257372598 0.044233781274187 0.00192768213177861 -0.0145600247660216 -0.0129375452948311 0.0100627625933843 0.0229640753578418
-0.0301101469788718 0.044233781274187 0.0403368440685004 -0.0343293468010088 -0.0271096857851084 0.0259946361318506 0.0246704565654116 0.0107111628507588
-0.0196694438444906 0.00192768213177861 -0.0343293468010088 0.0949467413585977 0.000342296199938127 -0.056738481020981 -0.0175204337970952 0.0350928585855064
0.119965644713975 -0.0145600247660216 -0.0271096857851084 0.000342296199938126 0.0472508343815535 0.0266696529506844 0.0705346195651336 -0.0556887483732952
0.0454230319690283 -0.0129375452948311 0.0259946361318506 -0.056738481020981 0.0266696529506844 0.0378020287471713 0.0379203403614753 -0.0192552301986198
0.0740004775511985 0.0100627625933843 0.0246704565654116 -0.0175204337970952 0.0705346195651336 0.0379203403614753 0.142150431375759 -0.069724299014721
-0.0502281013379937 0.0229640753578418 0.0107111628507588 0.0350928585855064 -0.0556887483732952 -0.0192552301986198 -0.069724299014721 0.0345717369351876
