0.0757433634580476 -0.0769108992109977 -0.0308968772043725 -0.0396277183679219 0.0334603542399291 0.0467898303831369 0.0180482569702781 -0.0981885441297972
-0.0769108992109977 0.101319318746052 0.0741225357734555 0.0143264104850664 -0.00612003146326189 -0.00845236124388016 -0.0042717214983434 0.0778720108909082
-0.0308968772043725 0.0741225357734555 0.0774954197614947 -0.0267715806953569 -0.0151987800720505 0.0179182819452763 0.0591199015105254 -0.00775554124205981
-0.0396277183679219 0.0143264104850664 -0.0267715806953569 0.128224203561735 -0.0174181036597831 -0.0501107647445067 0.00176314052723544 0.106294645161139
0.0334603542399291 -0.00612003146326189 -0.0151987800720505 -0.0174181036597831 0.00222507468259072 0.0388081684911328 0.0678345005934569 -0.0523516726589775
0.0467898303831369 -0.00845236124388016 0.0179182819452763 -0.0501107647445067 0.0388081684911328 0.0086308771141198 -0.0157633031743096 -0.0585674461609345
0.0180482569702781 -0.0042717214983434 0.0591199015105254 0.00176314052723544 0.0678345005934569 -0.0157633031743096 0.231266756774724 -0.126303019622388
-0.0981885441297972 0.0778720108909082 -0.00775554124205981 0.106294645161139 -0.0523516726589775 -0.0585674461609345 -0.126303019622388 0.188290787206879
