0.0603558715233939 -0.0493446075562596 -0.0607584907892581 -0.0348632098471617 0.0823160789914678 0.0542646020352034 0.0560674067085084 -0.081027115571264
-0.0493446075562596 0.119895012330444 0.11000875804004 0.0077773880495827 -0.0270757957540331 0.0100147793538322 -0.00252528048624032 0.0775409869757488
-0.0607584907892581 0.11000875804004 0.104983977949545 0.00128101479313943 -0.0585161733637539 0.00764382889000935 -0.0154349243921309 0.0880414791165551
-0.0348632098471617 0.0077773880495827 0.00128101479313943 0.0726303788973264 -0.055143440340089 -0.0424179346578679 -0.031869634426401 0.0591143732890609
0.0823160789914678 -0.0270757957540331 -0.0585161733637539 -0.055143440340089 0.0179333697970018 0.0523785687918816 0.100861063229213 -0.0774848378898459
0.0542646020352034 0.0100147793538322 0.00764382889000936 -0.0424179346578679 0.0523785687918816 0.014115705310561 -0.00188085852350002 -0.0361013470561981
0.0560674067085084 -0.00252528048624032 -0.0154349243921309 -0.031869634426401 0.100861063229213 -0.00188085852350002 0.21735278379258 -0.0986796525024684
-0.081027115571264 0.0775409869757488 0.0880414791165551 0.0591143732890609 -0.0774848378898459 -0.0361013470561981 -0.0986796525024684 0.128716953417721
