0.0677074593159904 -0.0635337748271996 -0.0429427202841369 -0.00221328966784423 0.0264786994112321 0.00420734651091985 0.0752023208236719 -0.0278063069645521
-0.0635337748271996 0.115725377902497 0.0976127731799416 -0.0174451705418534 -0.0302578218400012 0.0153250367221031 -0.093871236985962 0.0329338998810978
-0.0429427202841369 0.0976127731799416 0.0614204667485527 -0.0233333494854869 -0.00993466067870707 0.0166854349577813 -0.0419454940287583 0.0176026534908406
-0.00221328966784423 -0.0174451705418534 -0.0233333494854869 0.0393383455004287 -0.0124861181846201 -0.0126896948381673 -0.0164578214360038 0.0185909614932608
0.0264786994112321 -0.0302578218400012 -0.00993466067870707 -0.0124861181846201 0.00920003472790436 0.0233244500189613 0.0763568040445122 0.00127601785306566
0.00420734651091985 0.0153250367221031 0.0166854349577813 -0.0126896948381673 0.0233244500189613 -0.0337207809998717 0.0194623899354819 0.0094507358018923
0.0752023208236719 -0.093871236985962 -0.0419454940287583 -0.0164578214360038 0.0763568040445122 0.0194623899354819 0.0962516519039791 -0.0379205197722483
-0.0278063069645521 0.0329338998810978 0.0176026534908406 0.0185909614932608 0.00127601785306566 0.0094507358018923 -0.0379205197722483 0.00322780798906106
