0.0683025007647402 -0.033398630852113 -0.0188895058851416 -0.0213217813306104 0.0837224059770608 0.0474933309364732 0.0450357053921884 -0.049421570970332
-0.033398630852113 0.0876205867909111 0.0633690316675912 0.0224135125621026 0.026673827968542 0.0377388695313344 0.0687974373188865 0.0597927364880959
-0.0188895058851416 0.0633690316675912 0.0682742852956461 -0.00570397345204677 0.0287305674486524 0.0317956215789064 0.0874988813152394 0.0165857885677275
-0.0213217813306104 0.0224135125621026 -0.00570397345204677 0.0430064273656761 -0.0311443847330257 -0.00518206893433496 -0.0365410307656228 0.0703225481099286
0.0837224059770608 0.026673827968542 0.0287305674486524 -0.0311443847330257 0.0802733024871932 0.0875607997051561 0.145839830824829 -0.0564349283812107
0.0474933309364732 0.0377388695313344 0.0317956215789064 -0.00518206893433496 0.0875607997051561 0.0281416407637358 0.0664334301011092 0.0027008070256488
0.0450357053921884 0.0687974373188865 0.0874988813152394 -0.0365410307656228 0.14583983082483 0.0664334301011092 0.169485218319066 -0.0448027110191787
-0.049421570970332 0.0597927364880959 0.0165857885677275 0.0703225481099286 -0.0564349283812107 0.0027008070256488 -0.0448027110191787 0.0793889663726392
