0.0449936939347686 -0.0480825231621445 -0.0366140469147451 -0.00382083157634944 0.0639673677545927 0.00550976793722837 0.01131377864404 -0.039238771567146
-0.0480825231621445 0.0753623428100127 0.059376539520054 0.0153133732592378 -0.045977205327833 0.026591773406902 0.00392257521616592 0.0548894853759498
-0.0366140469147451 0.059376539520054 0.0431309572904403 -0.0182392770613483 -0.0315997578791267 0.0104602566239034 0.0374400831680157 0.0186559314936404
-0.00382083157634944 0.0153133732592378 -0.0182392770613483 0.0349251116516821 0.00164211537160656 -0.00743655691724238 -0.0191655054639099 0.0411949154304008
0.0639673677545927 -0.045977205327833 -0.0315997578791267 0.00164211537160656 0.0177321838048068 -0.00244039160266815 0.103388154785322 -0.0464338109440202
0.00550976793722837 0.026591773406902 0.0104602566239034 -0.00743655691724238 -0.00244039160266815 -0.00662116835325597 0.0191304288969153 0.000123566942033158
0.01131377864404 0.00392257521616592 0.0374400831680157 -0.0191655054639099 0.103388154785322 0.0191304288969153 0.0784614064653836 -0.0294595676178011
-0.039238771567146 0.0548894853759498 0.0186559314936404 0.0411949154304008 -0.0464338109440202 0.000123566942033158 -0.0294595676178011 0.0704450147859061
