0.0704257116789302 -0.0393368261686744 -0.016463319115037 -0.0577509799181747 0.0957867748384982 0.0317849361546094 0.0187065758116245 -0.0500029256157889
-0.0393368261686744 0.0447122708288002 0.0283082079822662 0.032849631697653 -0.0455300596077657 0.00975452959477388 -0.0422331695772616 0.0476472882310983
-0.016463319115037 0.0283082079822662 0.00824953676879861 0.00598628446741065 -0.0210711514804275 0.0106223159071896 0.021549381479694 0.0147741752245346
-0.0577509799181747 0.032849631697653 0.00598628446741064 0.0842406187902916 -0.0595290881944617 -0.0537091817767838 -0.00676351914618143 0.0709314014856635
0.0957867748384982 -0.0455300596077657 -0.0210711514804275 -0.0595290881944617 0.0268491545941173 0.0342972174714432 0.0550517198893649 -0.0800623821928585
0.0317849361546094 0.00975452959477388 0.0106223159071896 -0.0537091817767838 0.0342972174714432 0.00701815243340853 0.0162453753434074 -0.0308779251774888
0.0187065758116245 -0.0422331695772616 0.021549381479694 -0.00676351914618143 0.0550517198893649 0.0162453753434074 0.0341624226545818 -0.0399090570356795
-0.0500029256157889 0.0476472882310983 0.0147741752245346 0.0709314014856635 -0.0800623821928585 -0.0308779251774888 -0.0399090570356795 0.055280067534955
