0.0702913594861572 -0.0517399987810467 -0.0799921271637948 -0.0238041071504337 0.0579719589753058 0.0297945686033086 0.0032113568514408 -0.0254604119634397
-0.0517399987810467 0.0829158425822361 0.0954630583629266 0.031880832059329 -0.0400084050877568 0.0105767732806124 -0.00241912900311508 0.0414893075420395
-0.0799921271637948 0.0954630583629266 0.153362815523609 -0.0077813608040265 -0.046933480464055 0.0319906963370511 0.0548347799004056 0.0328934123673904
-0.0238041071504337 0.031880832059329 -0.0077813608040265 0.0813773230986505 -0.0190456052925838 -0.0315197041694561 -0.00701599020124346 0.0360650513142461
0.0579719589753058 -0.0400084050877568 -0.046933480464055 -0.0190456052925838 -0.00938969828582848 0.038268254013127 0.0661559009291467 -0.0255889766305564
0.0297945686033086 0.0105767732806124 0.0319906963370511 -0.0315197041694561 0.038268254013127 0.0265117121131985 0.0065401267134224 0.0158881557120435
0.00321135685144079 -0.00241912900311508 0.0548347799004056 -0.00701599020124346 0.0661559009291467 0.0065401267134224 0.0932861085664181 -0.0261632647030512
-0.0254604119634397 0.0414893075420395 0.0328934123673904 0.0360650513142461 -0.0255889766305564 0.0158881557120435 -0.0261632647030512 0.0122222627147619
