0.062998567347234 -0.0442312259856308 -0.0410998771436506 -0.0330693597278389 0.107149857754981 0.0273229294913289 0.052974924178157 -0.0304175773713943
-0.0442312259856308 0.110578912765345 0.14070455715082 -0.0161968671267998 -0.0192461634455645 0.0567622106670152 0.0362526941824847 0.0361748180841301
-0.0410998771436506 0.14070455715082 0.168645389285113 -0.0498686556063395 -0.018969823715781 0.0794603913937195 0.0435692981560054 0.0343599572668054
-0.0330693597278389 -0.0161968671267998 -0.0498686556063395 0.0927730009213665 -0.0368552647944085 -0.049064293981498 -0.0196967566092216 0.0560372244126606
0.107149857754981 -0.0192461634455645 -0.018969823715781 -0.0368552647944085 0.163701209802556 0.060169912489638 0.101908881153646 0.00143908327457782
0.0273229294913289 0.0567622106670152 0.0794603913937195 -0.049064293981498 0.060169912489638 0.0435525259076847 0.0142970315015264 0.0140925222216819
0.052974924178157 0.0362526941824847 0.0435692981560054 -0.0196967566092216 0.101908881153646 0.0142970315015264 0.0904174152961034 0.00169784596151825
-0.0304175773713943 0.0361748180841301 0.0343599572668054 0.0560372244126606 0.00143908327457783 0.0140925222216819 0.00169784596151825 0.0589334594986008
