0.0835050736717684 -0.0699030581516534 -0.0783834856174146 -0.0169758200190549 0.084296940008189 0.0281632988790455 -0.0567935912980741 -0.0290454510869358
-0.0699030581516534 0.115648559066557 0.145425577902734 0.0351276000016941 -0.0504607288507557 0.00757469970215922 0.12361285209766 0.0638234729496075
-0.0783834856174146 0.145425577902734 0.170085936288507 -0.00368294357392911 -0.0833454660753049 0.0279233593641088 0.148239944583545 0.0658699051452448
-0.0169758200190549 0.0351276000016941 -0.00368294357392912 0.129390133189065 0.0215110626263206 0.00467740609915875 -0.0232858504739735 0.0292465829626538
0.084296940008189 -0.0504607288507557 -0.0833454660753049 0.0215110626263206 -0.0145148668096241 0.0268301243472208 -0.017272737694147 -0.00921844271223307
0.0281632988790455 0.00757469970215922 0.0279233593641088 0.00467740609915875 0.0268301243472208 -0.00250002205857709 -0.0324277270775545 0.0246099261038613
-0.0567935912980741 0.12361285209766 0.148239944583545 -0.0232858504739735 -0.017272737694147 -0.0324277270775545 0.167455288190131 0.0372951024283609
-0.0290454510869358 0.0638234729496075 0.0658699051452449 0.0292465829626538 -0.00921844271223307 0.0246099261038613 0.0372951024283609 0.0757684615491273
