0.0532211293444773 -0.0579929236746192 -0.0572363422294718 -0.0123696747450696 0.0341847037323131 0.0255642418374898 -0.0199519722537833 -0.0526316146459427
-0.0579929236746192 0.11842477379461 0.145326993421798 0.056542007863467 0.0117646964598208 -0.00502005726375192 0.09770097804316 0.0886202649944189
-0.0572363422294718 0.145326993421798 0.142597995153634 0.0404181090604788 0.00205026284739896 0.00088803787626664 0.153864669731689 0.0856609357314699
-0.0123696747450696 0.056542007863467 0.0404181090604788 0.131256451831432 -0.00447239981580582 -0.0105726002783306 0.0376134842455016 0.0572303438690802
0.0341847037323131 0.0117646964598208 0.00205026284739896 -0.00447239981580582 -0.0137459401903048 0.00454876013187659 0.0373450065213272 0.0147769920665899
0.0255642418374898 -0.00502005726375192 0.000888037876266641 -0.0105726002783306 0.00454876013187659 -0.0228659059831612 -0.0148821201876619 -0.00160473380585628
-0.0199519722537833 0.09770097804316 0.153864669731689 0.0376134842455016 0.0373450065213271 -0.0148821201876619 0.131525984758884 0.0336660758325107
-0.0526316146459427 0.0886202649944189 0.0856609357314699 0.0572303438690802 0.0147769920665899 -0.00160473380585628 0.0336660758325107 0.0751663005771201
