0.0396610348657802 -0.0613165130794033 -0.0206821593176521 -0.0341934462179427 0.0740424700528375 0.000906152095899057 0.0714066154089207 -0.0567174329164723
-0.0613165130794033 0.134951739362209 0.0604852576215187 0.0375932343021234 -0.0337203705688213 0.0310562714457246 -0.0137055310826395 0.0460143962082187
-0.0206821593176521 0.0604852576215187 0.0460893804271207 -0.0277763735205421 -0.0490338026555399 0.0304941894018874 0.0326562768549827 0.00714450548706415
-0.0341934462179427 0.0375932343021234 -0.0277763735205421 0.0728419930521255 -0.036913489047983 -0.0256835368648543 -0.0556330827913598 0.0534170784344702
0.0740424700528375 -0.0337203705688213 -0.0490338026555399 -0.036913489047983 0.105309772923931 0.00463549867338152 0.139427326739761 -0.0684500067011856
0.000906152095899061 0.0310562714457246 0.0304941894018874 -0.0256835368648543 0.00463549867338153 0.0122919348581617 -0.0569600275827556 -0.00608196564873723
0.0714066154089207 -0.0137055310826395 0.0326562768549827 -0.0556330827913598 0.139427326739761 -0.0569600275827556 0.243362756514384 -0.0807603488620899
-0.0567174329164723 0.0460143962082187 0.00714450548706415 0.0534170784344703 -0.0684500067011856 -0.00608196564873723 -0.0807603488620899 0.0577009750207175
