0.0632233011930386 -0.0679634521238937 -0.0587983570755779 -0.0536280520188813 0.0801903322758426 0.0191903585722997 0.0115189607362049 -0.0526424854879888
-0.0679634521238937 0.0715070017634446 0.0859571909779591 0.047352089257689 -0.0607981095315711 -0.010245076478266 -0.00874954259700858 0.0413781253778649
-0.0587983570755779 0.0859571909779591 0.149823152676268 0.01858196287379 -0.129742802934243 0.0427997729034119 0.0362674730297606 0.0745135050681675
-0.0536280520188813 0.047352089257689 0.01858196287379 0.124202753098291 -0.0425840373896518 -0.0576543584212788 -0.0210790354086879 0.0431843149633584
0.0801903322758426 -0.0607981095315711 -0.129742802934243 -0.0425840373896518 0.0897702443126462 -0.0339474473180251 0.0140169054523063 -0.105514625780445
0.0191903585722997 -0.010245076478266 0.0427997729034119 -0.0576543584212788 -0.0339474473180251 0.0106843755790404 -0.0126517819338764 0.0180120114956143
0.0115189607362049 -0.00874954259700858 0.0362674730297606 -0.0210790354086879 0.0140169054523063 -0.0126517819338764 0.0573785492631202 -0.0321144028768801
-0.0526424854879888 0.0413781253778649 0.0745135050681675 0.0431843149633584 -0.105514625780445 0.0180120114956143 -0.0321144028768801 0.0703557931142994
