0.0738026043371211 -0.0352132274905978 -0.0178904639625381 -0.0395014144822911 0.0347058761579811 0.073682645044841 0.0406305852559721 -0.0660197243906972
-0.0352132274905978 0.0820268269659035 0.100171515018739 -0.0146554044253861 0.0258101132355336 0.00696943461210486 0.0776489916505651 0.0424330664225021
-0.0178904639625381 0.100171515018739 0.138982913762586 -0.0682506460278249 0.03819954679397 0.0304092552896415 0.183303643400697 0.0017044616982049
-0.0395014144822911 -0.0146554044253861 -0.0682506460278249 0.154421791432973 -0.0206996403954747 -0.063283215653365 -0.117441987785639 0.115680128445478
0.0347058761579811 0.0258101132355336 0.03819954679397 -0.0206996403954747 -0.0204318387304595 0.0346034849628003 0.0919155739375861 -0.0214537581390935
0.073682645044841 0.00696943461210487 0.0304092552896415 -0.063283215653365 0.0346034849628003 0.0355063059004543 0.0497937454257611 -0.0405480991278748
0.0406305852559721 0.0776489916505651 0.183303643400697 -0.117441987785639 0.0919155739375861 0.0497937454257611 0.298405313350252 -0.088084385140698
-0.0660197243906972 0.0424330664225021 0.00170446169820491 0.115680128445478 -0.0214537581390935 -0.0405480991278748 -0.088084385140698 0.109403106694014
