0.0791429626147535 -0.0872884470112813 -0.0833210062873851 -0.0421693601294962 0.0812733131371941 0.0467031336741035 -0.00989520827216073 -0.0741685441648025
-0.0872884470112813 0.169380845386065 0.190933085301551 0.0446379713159199 -0.0499220383433587 0.0205798429890251 0.0594506482493656 0.0800380642438405
-0.0833210062873851 0.190933085301551 0.209221191614667 0.0330992192587999 -0.0589449217531566 0.0523164960638697 0.111913778775416 0.0714878242478829
-0.0421693601294962 0.0446379713159199 0.0330992192587999 0.0669509557850494 -0.0252512782108799 -0.0209073763468027 0.00629554532161076 0.0869594055002416
0.0812733131371941 -0.0499220383433587 -0.0589449217531566 -0.0252512782108799 -0.0178762661856671 0.0283468855882346 0.0338600880399143 -0.0347756987887329
0.0467031336741035 0.0205798429890251 0.0523164960638697 -0.0209073763468027 0.0283468855882346 0.00598246355048557 0.0120045710332841 -0.0290140300126105
-0.00989520827216074 0.0594506482493656 0.111913778775416 0.00629554532161076 0.0338600880399142 0.0120045710332841 0.229538397486413 -0.00400535247786681
-0.0741685441648025 0.0800380642438405 0.0714878242478829 0.0869594055002416 -0.0347756987887329 -0.0290140300126105 -0.00400535247786681 0.11957915741346
