0.0986583355408848 -0.0613670306807199 -0.0397556256737459 -0.0240343543031033 0.0990575521526715 0.0409080730059805 0.0629209060953629 -0.0761532788405957
-0.0613670306807199 0.0766580950944454 0.0757457754801787 -0.00494621868190842 -0.0152935104885564 -0.00420228709841041 -0.0177744053383304 0.0591090063218905
-0.0397556256737459 0.0757457754801787 0.132405446526866 -0.0432624486057524 -0.0228930870429599 -0.0140406865088719 0.0836709756401292 0.040781159934378
-0.0240343543031033 -0.00494621868190842 -0.0432624486057524 0.0676903379401284 -0.0238431286841638 -0.0293564195773053 -0.00679534419474508 0.0270612184749069
0.0990575521526715 -0.0152935104885564 -0.0228930870429599 -0.0238431286841638 0.017104359123822 0.0443608949315799 0.0588941769390584 -0.0525302172864399
0.0409080730059805 -0.0042022870984104 -0.0140406865088719 -0.0293564195773053 0.0443608949315799 -0.00306330562749534 -0.0389862123573955 -0.0170692895740129
0.0629209060953629 -0.0177744053383304 0.0836709756401292 -0.00679534419474508 0.0588941769390584 -0.0389862123573955 0.189018475100506 -0.0388484236281643
-0.0761532788405957 0.0591090063218905 0.040781159934378 0.0270612184749069 -0.0525302172864399 -0.0170692895740129 -0.0388484236281643 0.062570674358794
