0.0299567554571187 -0.0454791556215357 -0.0311847786448191 -0.0116687327383033 0.0253963129721653 0.022202047301538 -0.0417538703756028 -0.00356688525622268
-0.0454791556215357 0.0971119273882105 0.0946335387133649 0.00426490854075229 -0.0435861494224014 -0.00697857482603737 0.0464084678093114 0.010246564037049
-0.0311847786448191 0.0946335387133649 0.0859663671519852 -0.00854502307861385 -0.0748638978282049 -0.0117091116317964 0.0134844883852078 0.0145408770093227
-0.0116687327383033 0.00426490854075229 -0.00854502307861385 0.0779883398016964 0.0331657867102831 0.00257079861758861 0.0145491455181893 0.0495768590014086
0.0253963129721653 -0.0435861494224014 -0.0748638978282049 0.0331657867102831 0.00863750212451346 0.0111509051703503 0.0236111589453511 0.0188559182125236
0.022202047301538 -0.00697857482603737 -0.0117091116317964 0.00257079861758861 0.0111509051703503 -0.00302252365812756 -0.0470345137248917 0.00805626039936982
-0.0417538703756028 0.0464084678093113 0.0134844883852078 0.0145491455181893 0.0236111589453511 -0.0470345137248917 0.0803464445212049 -0.0205847184851021
-0.00356688525622268 0.010246564037049 0.0145408770093228 0.0495768590014086 0.0188559182125236 0.00805626039936982 -0.0205847184851021 0.0446899256331605
