0.123850810961192 -0.109771939390758 -0.0648676763689592 -0.0562487353161752 0.138832740036169 0.0635780052867381 0.0661210917178484 -0.114650728173108
-0.109771939390758 0.182559828173201 0.170888861912326 0.0149912987930437 -0.0913198095247628 -0.0207095476636405 -0.0223744013997792 0.117054581087965
-0.0648676763689592 0.170888861912326 0.171563209590517 0.0106348928950077 -0.0588735441534504 -0.0254470130013931 0.0645317186328657 0.0917518676939738
-0.0562487353161752 0.0149912987930437 0.0106348928950077 0.0986967156959672 -0.0740376404093597 -0.0499062245663376 -0.0331811047191603 0.074960672476046
0.138832740036169 -0.0913198095247628 -0.0588735441534504 -0.0740376404093597 0.0840289933975928 0.0507752454479185 0.0934583953271509 -0.114280952767956
0.0635780052867381 -0.0207095476636405 -0.0254470130013931 -0.0499062245663376 0.0507752454479185 0.0123781203254865 -0.0309387871849315 -0.0494687325929572
0.0661210917178484 -0.0223744013997792 0.0645317186328657 -0.0331811047191603 0.0934583953271509 -0.0309387871849315 0.168617579346903 -0.0344936217808203
-0.114650728173108 0.117054581087965 0.0917518676939738 0.074960672476046 -0.114280952767956 -0.0494687325929572 -0.0344936217808203 0.0869087570064337
