0.139688334779124 -0.0603354875970873 0.0273074978386231 -0.104064341990135 0.078840087675028 0.0915963064556966 0.137111921573927 -0.143275870160943
-0.0603354875970873 0.105500704374387 0.0643670083058781 0.0288155062446883 0.0208666056961337 0.019354667308069 -0.0347524708537955 0.0716008577944411
0.0273074978386231 0.0643670083058781 0.0823842256682962 -0.0409721684864381 0.000318043399805313 0.0469092893591652 0.0841234781632178 -0.0389333103102079
-0.104064341990135 0.0288155062446883 -0.0409721684864381 0.127690741756698 -0.0390100036538672 -0.0850207828429875 -0.0684821124082876 0.149093411155891
0.078840087675028 0.0208666056961337 0.000318043399805317 -0.0390100036538672 0.00198134426522868 0.0744969248907988 0.0687002788172261 -0.0297134635426367
0.0915963064556966 0.019354667308069 0.0469092893591652 -0.0850207828429875 0.0744969248907988 0.0491722796661293 0.0272561400204918 -0.0758198561521992
0.137111921573927 -0.0347524708537955 0.0841234781632178 -0.0684821124082876 0.0687002788172261 0.0272561400204918 0.254740858116129 -0.154057727064535
-0.143275870160943 0.0716008577944411 -0.0389333103102079 0.149093411155891 -0.0297134635426367 -0.0758198561521992 -0.154057727064535 0.163413696640611
