0.111563099550642 -0.0378253786825555 -0.0596709950881796 0.0216694666230947 0.0902781722864164 0.029062007599132 0.153355925553092 -0.0319525396849532
-0.0378253786825555 0.0452300826218473 0.0648998040652969 -0.0199968801444988 -0.0354185325070505 0.00316203946382556 -0.0558542815147628 0.0251296309121227
-0.0596709950881796 0.0648998040652969 0.0907047018575197 -0.0532853765860427 -0.0385009805821252 0.0141200094304106 -0.0661888866948541 0.0444273384668842
0.0216694666230947 -0.0199968801444988 -0.0532853765860427 0.0315918275523263 0.0414839571516714 -0.00817579495759493 0.043437590941613 0.00731020906017234
0.0902781722864164 -0.0354185325070505 -0.0385009805821252 0.0414839571516714 -0.0318812709836099 0.0107479043360286 0.169505608286492 0.00139686725393338
0.029062007599132 0.00316203946382556 0.0141200094304106 -0.00817579495759493 0.0107479043360286 -0.0100746694037006 -0.0034210619422294 0.0113766479289503
0.153355925553092 -0.0558542815147628 -0.0661888866948541 0.043437590941613 0.169505608286492 -0.00342106194222941 0.260549972171393 -0.0364575671522695
-0.0319525396849532 0.0251296309121227 0.0444273384668842 0.00731020906017234 0.00139686725393338 0.0113766479289503 -0.0364575671522695 0.0242617612516177
