0.0403634667987515 -0.0161750700766338 0.00666060112627384 -1.94589225101283e-05 0.0635334156745188 0.0175863019387165 0.0351252444924573 -0.0146781109839234
-0.0161750700766338 0.0345173787003177 0.0421738012102006 -0.00315787129181713 -0.00679122413100521 0.0222140153259879 -0.0138770293222033 0.0222489383213012
0.00666060112627384 0.0421738012102006 0.114004560635048 -0.00711721860940464 0.0526404600757021 0.104651861733821 0.124482279213076 0.0285452786898671
-1.94589225101312e-05 -0.00315787129181713 -0.00711721860940465 0.0631143475826154 0.0269741269048342 -0.00315390901280971 -0.0107943439708815 0.0501882753982425
0.0635334156745188 -0.00679122413100521 0.0526404600757021 0.0269741269048342 0.0793706333195871 0.0712115899167857 0.0897565873489914 0.0220737202216137
0.0175863019387165 0.0222140153259879 0.104651861733821 -0.00315390901280971 0.0712115899167857 0.0698185027235185 0.118023416661157 0.013371312741732
0.0351252444924573 -0.0138770293222033 0.124482279213076 -0.0107943439708815 0.0897565873489914 0.118023416661157 0.152155609947689 -0.0147880006652196
-0.0146781109839234 0.0222489383213012 0.0285452786898671 0.0501882753982425 0.0220737202216137 0.013371312741732 -0.0147880006652196 0.0456193269661637
