0.134516682942235 -0.0596240031050487 -0.0261926913337736 -0.0474109136477439 0.137721000268539 0.0928570296208238 0.150305789565146 -0.0919289971555384
-0.0596240031050487 0.124149409432696 0.0958306871704695 0.0118145115716167 -0.0346538530016281 -0.00473275303570999 -0.00323083295336851 0.0855690097861364
-0.0261926913337736 0.0958306871704695 0.0695331435498363 -0.0326007670799968 -0.0285743573588156 0.0364043375598147 0.0533067061273366 0.0638565143327345
-0.0474109136477439 0.0118145115716167 -0.0326007670799968 0.119454162360068 -0.0390969617960406 -0.0719648879554123 -0.0741005953191433 0.0628666405268441
0.137721000268539 -0.0346538530016281 -0.0285743573588156 -0.0390969617960406 0.0948966493728235 0.0704296637928593 0.157563320357348 -0.0418058453497437
0.0928570296208238 -0.00473275303570998 0.0364043375598147 -0.0719648879554124 0.0704296637928593 0.0461322568615094 0.110616134801419 -0.0600769993216495
0.150305789565146 -0.0032308329533685 0.0533067061273366 -0.0741005953191433 0.157563320357348 0.110616134801419 0.266911397188899 -0.0813106864435701
-0.0919289971555384 0.0855690097861364 0.0638565143327345 0.062866640526844 -0.0418058453497437 -0.0600769993216495 -0.0813106864435701 0.112064644401174
