0.0602081174299469 0.0309194394025423 0.0244544473598995 -0.0460285089965083 0.0860632983226314 0.0598504625392716 0.0633583342644769 -0.0279497450605987
0.0309194394025423 0.100831838293406 0.113762575698139 -0.033665050323338 0.103473523186339 0.0458235352852469 0.0860930503839291 0.0260360620624605
0.0244544473598995 0.113762575698139 0.117279688825348 -0.0478135073431691 0.0991871311482913 0.0554038260932711 0.125406967346446 0.0377628629224747
-0.0460285089965083 -0.033665050323338 -0.0478135073431691 0.130400420153058 -0.0628581189322839 -0.048366207000052 -0.0199163971166615 0.0966977663054059
0.0860632983226314 0.103473523186339 0.0991871311482913 -0.0628581189322839 0.057312302681566 0.0657189298465181 0.100318031772796 -0.00460119162274381
0.0598504625392716 0.0458235352852469 0.0554038260932711 -0.048366207000052 0.0657189298465181 0.019694787825515 0.070454726892454 -0.0132505338008408
0.0633583342644769 0.0860930503839291 0.125406967346446 -0.0199163971166615 0.100318031772796 0.070454726892454 0.156740580527918 -0.00819030769301192
-0.0279497450605987 0.0260360620624605 0.0377628629224747 0.0966977663054059 -0.00460119162274381 -0.0132505338008408 -0.00819030769301192 0.0894826518687396
