0.0921078943301215 -0.0797464525941216 -0.0672838097220691 0.00546973086859218 0.0915207622973052 0.0517076233024734 0.0223596399372719 -0.0645965928337398
-0.0797464525941216 0.117129230404496 0.0987554144009611 -0.0372471469157545 -0.0705705017586793 0.0153648153814693 -0.00675747079413534 0.0443478585258525
-0.0672838097220691 0.0987554144009611 0.109123256789939 -0.0585039240729956 -0.0694632696666404 0.00822939656428271 0.115928071474235 0.0164255845975964
0.00546973086859218 -0.0372471469157545 -0.0585039240729956 0.188438456742453 0.0516816707296317 -0.0493871479374711 0.00789841808784024 0.0931187368993963
0.0915207622973052 -0.0705705017586793 -0.0694632696666404 0.0516816707296317 -0.0107396628584449 0.0129967686062894 0.0846537019162244 -0.0138857998988251
0.0517076233024734 0.0153648153814693 0.00822939656428271 -0.0493871479374711 0.0129967686062894 -0.000536824698762895 -0.0469118384379064 -0.0395425907527526
0.0223596399372719 -0.00675747079413534 0.115928071474235 0.00789841808784024 0.0846537019162244 -0.0469118384379064 0.36337708605673 -0.0342182553971928
-0.0645965928337398 0.0443478585258525 0.0164255845975964 0.0931187368993963 -0.0138857998988251 -0.0395425907527526 -0.0342182553971928 0.0821018505128488
