0.111424141324024 -0.0694829228671532 -0.0632522233262623 -0.045097088223799 0.137545962731465 0.0396762798991414 -0.0473591980869027 -0.0840369824299885
-0.0694829228671532 0.0520254745261061 0.0658561273112821 0.0421786998225018 -0.0768203398807788 -0.00620825370447222 0.0277610758830013 0.0575285385365106
-0.0632522233262623 0.0658561273112821 0.0661249645401854 0.0343194157540861 -0.0819274440350939 -0.00150632018606264 0.058778183446679 0.0420078360642751
-0.045097088223799 0.0421786998225018 0.0343194157540861 0.0932281914443648 -0.0415255012747044 -0.0125699689164166 -0.0197631383900815 0.053367651377697
0.137545962731465 -0.0768203398807788 -0.0819274440350939 -0.0415255012747044 0.12345601630508 0.0405505063119884 -0.0602165989003836 -0.0790071828677579
0.0396762798991414 -0.00620825370447222 -0.00150632018606263 -0.0125699689164166 0.0405505063119884 -0.015776833886102 -0.0153328669894342 -0.00866613451570508
-0.0473591980869027 0.0277610758830013 0.058778183446679 -0.0197631383900815 -0.0602165989003836 -0.0153328669894342 0.120785421969413 0.051244836020102
-0.0840369824299885 0.0575285385365106 0.0420078360642751 0.053367651377697 -0.0790071828677579 -0.00866613451570508 0.051244836020102 0.0735891253783304
