0.0940711670983458 -0.0470092039332621 -0.0699408280350197 0.0110461910482553 0.0603814945563458 0.0505940342183555 0.0460024855247283 -0.0610556046250656
-0.0470092039332621 0.0655047097218564 0.0779426728648165 0.00333521658886058 0.00136214521172463 0.0101587259248959 -0.0170272886376821 0.0371622714677067
-0.0699408280350197 0.0779426728648165 0.156407148850442 -0.0414804383636855 0.00790264454796006 -0.0137091389759896 0.0725267142970331 0.0540551902316752
0.0110461910482553 0.00333521658886058 -0.0414804383636855 0.158219729567779 0.0141593079200147 -0.0473807642956025 -0.0130789511378574 0.0431008347845488
0.0603814945563458 0.00136214521172463 0.00790264454796006 0.0141593079200147 -0.0277203877913898 0.00421980293119134 0.0988861216916491 -0.0245784367656804
0.0505940342183555 0.0101587259248959 -0.0137091389759896 -0.0473807642956025 0.00421980293119134 0.0471443576103264 -0.0317001290952552 -0.00863545255285431
0.0460024855247283 -0.0170272886376821 0.0725267142970331 -0.0130789511378574 0.0988861216916491 -0.0317001290952552 0.139530847598892 -0.0530989665081792
-0.0610556046250656 0.0371622714677067 0.0540551902316752 0.0431008347845488 -0.0245784367656804 -0.00863545255285431 -0.0530989665081792 0.0485404138287356
