0.0581043864100313 -0.0518208811417017 -0.0354762599384177 -0.0308950245035129 0.0593569362006633 0.028430864532308 0.0378964078955297 -0.0356427799260077
-0.0518208811417017 0.0781524169995639 0.0537371613116458 0.0225808886371678 -0.0236495169690905 -0.0131168861606941 -0.0561618329824956 0.0594584840362237
-0.0354762599384177 0.0537371613116458 0.043173926245141 -0.0123413084423295 -0.0197305237125157 -0.011737724625649 -0.000225613909292706 0.0204246291579886
-0.0308950245035129 0.0225808886371678 -0.0123413084423295 0.0718229273343532 -0.0319381446928056 -0.042028807342531 -0.0463450415703839 0.0557555641138574
0.0593569362006633 -0.0236495169690905 -0.0197305237125157 -0.0319381446928056 0.0156540721340703 0.0164819529204788 0.0524141606916188 -0.0167139915199795
0.028430864532308 -0.0131168861606941 -0.011737724625649 -0.042028807342531 0.0164819529204788 0.0117627547038349 0.0234630931556374 -0.00597577641918902
0.0378964078955297 -0.0561618329824956 -0.000225613909292704 -0.0463450415703839 0.0524141606916188 0.0234630931556374 0.0201050178563119 -0.0467594752937728
-0.0356427799260077 0.0594584840362237 0.0204246291579886 0.0557555641138574 -0.0167139915199795 -0.00597577641918902 -0.0467594752937728 0.0477566348446677
