0.0767930931079468 -0.0585086153675125 -0.038937955666086 -0.0177523095996457 0.061251516737101 0.0442732926325214 0.0397028190186815 -0.0681895022471403
-0.0585086153675125 0.118342986034312 0.0895440113046862 0.0434252021598146 0.0139889979364962 0.032750977499732 0.00763113111144786 0.108809365833869
-0.0389379556660859 0.0895440113046862 0.128085867069833 -0.0136682703323327 -0.0230407908671927 0.0399534477513348 0.0524703226181336 0.065837275735041
-0.0177523095996457 0.0434252021598146 -0.0136682703323327 0.0887408484892985 0.0362852390097737 -0.0251026102781154 0.0125997053302452 0.0464898629605303
0.061251516737101 0.0139889979364962 -0.0230407908671927 0.0362852390097737 0.0471074867688401 0.0207812290405386 0.1087446963925 -0.0286027308059516
0.0442732926325214 0.032750977499732 0.0399534477513348 -0.0251026102781154 0.0207812290405386 0.0171137474522457 0.0170103953682675 0.0115412199749526
0.0397028190186816 0.00763113111144786 0.0524703226181336 0.0125997053302452 0.1087446963925 0.0170103953682675 0.104198697977452 -0.0315637945597078
-0.0681895022471403 0.108809365833869 0.065837275735041 0.0464898629605303 -0.0286027308059516 0.0115412199749526 -0.0315637945597078 0.10337212618056
