0.0609078537059919 -0.0214035495274914 -0.00697423687355539 -0.0217768045936486 0.0667589470215185 0.0416476876010298 0.0206711747907278 -0.031671393322616
-0.0214035495274914 0.102301514502419 0.0791101957872904 -0.00492857190315874 0.0280518047165708 0.0622635727145344 -0.0204605890996879 0.0535486211954095
-0.00697423687355539 0.0791101957872904 0.0908090133104296 -0.00822846499626562 0.00291533091974765 0.031863960443215 0.0994426858766668 0.0126605270196296
-0.0217768045936486 -0.00492857190315874 -0.00822846499626562 0.0120160828877836 -0.031807020790037 -0.0190675097736001 0.00555161261239117 0.012702584491066
0.0667589470215185 0.0280518047165708 0.00291533091974765 -0.031807020790037 0.0333320168227567 0.0564436156102702 0.00590467500471767 -9.69790628615633e-05
0.0416476876010298 0.0622635727145344 0.031863960443215 -0.0190675097736001 0.0564436156102702 0.0605790284234938 -0.0385808502657482 0.0266177137414582
0.0206711747907278 -0.0204605890996879 0.0994426858766668 0.00555161261239117 0.00590467500471767 -0.0385808502657482 0.166289128962697 -0.0447373113622461
-0.031671393322616 0.0535486211954095 0.0126605270196296 0.012702584491066 -9.69790628615625e-05 0.0266177137414582 -0.0447373113622461 0.033652554861301
