0.0454921178029956 -0.0514052250081457 -0.0404911012764245 0.00111748294134781 0.0653333933053713 0.0143705269972882 0.0369199847818942 -0.0218813044147577
-0.0514052250081457 0.065978551820212 0.0368051145780067 0.0114974074374846 -0.0591732718010905 -0.0274464787044854 -0.0326706592455733 0.024367523702143
-0.0404911012764245 0.0368051145780067 0.0570460348591806 0.00512354487556531 -0.0406678798743731 0.0125747055966083 -0.0114422435750659 0.0141942566293432
0.00111748294134781 0.0114974074374846 0.00512354487556531 0.0309766413735167 -0.0119738561992038 -0.00465977133579567 0.0126287587169676 0.00446651043298942
0.0653333933053713 -0.0591732718010905 -0.0406678798743731 -0.0119738561992038 0.0581741820001106 0.00701856323480295 0.0923275885116187 -0.0394248214632325
0.0143705269972883 -0.0274464787044854 0.0125747055966083 -0.00465977133579568 0.00701856323480294 0.00696421444738322 0.0440755791935905 0.00806814010072238
0.0369199847818942 -0.0326706592455733 -0.0114422435750659 0.0126287587169676 0.0923275885116187 0.0440755791935905 0.0416486054866117 -0.00713835923115332
-0.0218813044147577 0.024367523702143 0.0141942566293432 0.00446651043298943 -0.0394248214632325 0.00806814010072238 -0.00713835923115332 -0.000967321497256939
