0.0502605710683969 -0.0333954339710879 -0.0812227986629955 -0.000966466110819359 0.0719856193760313 0.0189347883491864 0.00641179009692456 -0.0269885357976395
-0.0333954339710879 0.0629908070676573 0.0987671255291645 0.00565115026239968 0.00716882527685587 0.0109398319219272 0.0399028680299904 0.037012356916341
-0.0812227986629955 0.0987671255291645 0.165842954290849 -0.0215421195346577 -0.0535790637212192 -0.00316232882099855 0.0453463107181552 0.0484402764664918
-0.00096646611081936 0.00565115026239968 -0.0215421195346577 0.111548844085346 0.0116957406813249 -0.0189621951475695 0.0416897012796564 0.039670311821232
0.0719856193760313 0.00716882527685587 -0.0535790637212192 0.0116957406813249 -0.0316356190524009 0.026618030214649 0.0437821345900469 -0.0302875674502982
0.0189347883491864 0.0109398319219272 -0.00316232882099855 -0.0189621951475695 0.026618030214649 -0.00754276338687205 -0.00594225887174221 -0.00199663942635696
0.00641179009692455 0.0399028680299904 0.0453463107181552 0.0416897012796564 0.0437821345900469 -0.00594225887174221 0.00511820672844825 0.00216720958350422
-0.0269885357976395 0.037012356916341 0.0484402764664918 0.039670311821232 -0.0302875674502982 -0.00199663942635696 0.00216720958350422 0.0316670836780314
