0.0398219297080243 -0.0341208243049041 -0.0244364469799637 -0.0431828359116817 0.0349283057081794 0.0268109188045437 -0.0294146917672311 -0.0475629331916366
-0.0341208243049041 0.0738444187400643 0.08081340504879 0.0258441154400668 0.0270158166459517 0.00512467945357624 0.0875172087361319 0.0409900400981311
-0.0244364469799637 0.08081340504879 0.07419952818701 -0.00306800195983581 0.0231829791615364 0.00955011859122804 0.0942224871438603 0.0149276511514622
-0.0431828359116817 0.0258441154400668 -0.00306800195983581 0.0906024350274637 -0.03215553861409 -0.0226722357654196 0.0159268904262816 0.0806237106628968
0.0349283057081794 0.0270158166459517 0.0231829791615364 -0.03215553861409 0.000890857486897744 0.0249531199520998 0.0241382904612644 -0.0299288099649502
0.0268109188045437 0.00512467945357624 0.00955011859122804 -0.0226722357654196 0.0249531199520998 -0.0128876453469444 -0.0266153915661727 -0.0110877708996666
-0.0294146917672311 0.0875172087361319 0.0942224871438603 0.0159268904262816 0.0241382904612644 -0.0266153915661727 0.0755123979999107 0.0110701409150444
-0.0475629331916366 0.0409900400981311 0.0149276511514622 0.0806237106628968 -0.0299288099649502 -0.0110877708996666 0.0110701409150444 0.0447198084481818
