0.042143927239304 -0.0156522502195758 -0.0371929267976979 0.0120145967797154 0.0674224074045992 0.0358652328070987 -0.0166353884367132 -0.00796744930563841
-0.0156522502195758 0.0547718693492584 0.0355208995900524 -0.00191298679436289 -0.0190656092405198 0.0082096464355443 0.00592472732064392 0.0412256327291562
-0.0371929267976979 0.0355208995900524 0.0251018855456242 -0.0212256032387213 -0.0510043194099833 -0.0244245995163343 0.0165686713168118 0.0341904530642478
0.0120145967797154 -0.00191298679436289 -0.0212256032387213 0.0713357498927462 -0.00780314732341651 -0.0192101472447877 -0.0492738473252923 0.0230833479013288
0.0674224074045992 -0.0190656092405198 -0.0510043194099833 -0.00780314732341651 0.0116179608297902 0.0527746284534446 0.024613967474348 -0.0558293960475906
0.0358652328070987 0.0082096464355443 -0.0244245995163343 -0.0192101472447877 0.0527746284534446 0.0167157728507326 -0.00336415955297587 -0.0192919406337346
-0.0166353884367132 0.00592472732064392 0.0165686713168118 -0.0492738473252923 0.024613967474348 -0.00336415955297587 -0.00362023640996987 -0.0238612950488652
-0.00796744930563841 0.0412256327291562 0.0341904530642478 0.0230833479013288 -0.0558293960475906 -0.0192919406337346 -0.0238612950488652 0.0445317777147724
