0.0678195512946536 -0.040794765257807 -0.0166122285484723 -0.101298647236179 0.081747158747294 0.0558602950352122 -0.00401804876999554 -0.058346195968347
-0.040794765257807 0.105125012843298 0.101022237863288 0.0648298375009109 -0.0239924133678381 0.0176505877682299 0.0832482986154666 0.0487922522341432
-0.0166122285484723 0.101022237863288 0.0958813740960394 -0.00648390659200148 0.0104620238311449 0.0606607094706237 0.0798477944472961 0.00533602166488125
-0.101298647236179 0.0648298375009109 -0.00648390659200148 0.225090023153202 -0.0791654774816138 -0.0849114834070077 0.033943185466514 0.132035587399064
0.081747158747294 -0.0239924133678381 0.0104620238311449 -0.0791654774816138 0.03223549962076 0.075636191663051 0.00558259161987266 0.000662113301084015
0.0558602950352122 0.0176505877682299 0.0606607094706237 -0.0849114834070077 0.075636191663051 0.0324641087642043 0.0507760300341732 -0.0315263416400409
-0.00401804876999554 0.0832482986154666 0.0798477944472961 0.033943185466514 0.00558259161987267 0.0507760300341732 0.0655837778228281 0.0155175571426792
-0.058346195968347 0.0487922522341432 0.00533602166488125 0.132035587399064 0.000662113301084019 -0.0315263416400409 0.0155175571426792 0.0890506929825871
