0.0468710442238032 -0.0610912134663338 -0.0240649699133594 -0.0299045771646759 0.0537329702136997 0.0291021628553003 -0.0112089233414759 -0.038380014282017
-0.0610912134663338 0.0929978566268455 0.0538918335708173 0.0376382859896038 -0.0512921399867326 -0.00383468281622655 0.0189521513275463 0.0538089587788699
-0.0240649699133594 0.0538918335708173 0.0611295710536838 0.0155111342311823 -0.0374569735978877 0.00967308222674716 0.0580908349658132 0.0286592360122213
-0.0299045771646759 0.0376382859896038 0.0155111342311823 0.0807170679916646 -0.0275161449830343 -0.0527806183338728 0.06653477035713 0.0243246607871767
0.0537329702136997 -0.0512921399867326 -0.0374569735978877 -0.0275161449830343 0.00958645063651624 0.0336026567622342 0.0142993250028756 -0.0482394964129492
0.0291021628553003 -0.00383468281622655 0.00967308222674716 -0.0527806183338728 0.0336026567622342 0.0126788655500099 -0.052100635490665 -0.0160858048000164
-0.0112089233414759 0.0189521513275463 0.0580908349658132 0.06653477035713 0.0142993250028756 -0.052100635490665 0.182788757332093 0.0106167476247312
-0.038380014282017 0.0538089587788699 0.0286592360122213 0.0243246607871767 -0.0482394964129492 -0.0160858048000164 0.0106167476247312 0.0289258379879346
