0.116761216250321 -0.0951656057069864 -0.0950868773091678 -0.0415554666472743 0.065614508904881 0.0331500144025718 0.0369795519001109 -0.0765092595714945
-0.0951656057069864 0.183732670857169 0.136848016454371 0.00559141806683895 0.00334730741092375 0.0284516540704358 0.0387338892035688 0.107480746792823
-0.0950868773091678 0.136848016454371 0.157676077772147 0.0047241440686153 0.0174443261096051 0.00206132173514131 0.0967931642472719 0.0582139608146676
-0.0415554666472743 0.00559141806683895 0.00472414406861529 0.208447169749487 -0.0852932150429919 -0.0770678248866692 -0.0731381492826871 0.125177927910512
0.065614508904881 0.00334730741092376 0.0174443261096051 -0.0852932150429919 0.0141432907075491 0.0325861199183779 0.114390685185909 -0.0387778451660274
0.0331500144025718 0.0284516540704358 0.00206132173514131 -0.0770678248866692 0.0325861199183779 -0.00453843732376864 0.0329501773496321 -0.00918260309746941
0.0369795519001109 0.0387338892035688 0.0967931642472719 -0.0731381492826871 0.114390685185909 0.0329501773496321 0.146913154739515 -0.0691314854572162
-0.0765092595714945 0.107480746792823 0.0582139608146676 0.125177927910512 -0.0387778451660274 -0.00918260309746941 -0.0691314854572162 0.119395741469545
