0.060140469155168 -0.0587009920119406 -0.0367380416374999 -0.0177709248312882 0.053954249417535 0.0233460208181802 -0.00226558116347493 -0.0326259782906427
-0.0587009920119406 0.111424343135642 0.103152597253053 0.011090031127482 -0.0529531354814249 0.00748367001930737 0.0312679803170849 0.060688275480215
-0.0367380416374999 0.103152597253053 0.0988414793185843 -0.00301747939796729 -0.0749465275549864 0.042630230167942 0.0609972241322123 0.032354762678087
-0.0177709248312882 0.011090031127482 -0.00301747939796729 0.0562799388023013 -0.00477194043584253 -0.0431411978280605 0.00258895021947893 0.035241434829538
0.053954249417535 -0.0529531354814249 -0.0749465275549864 -0.00477194043584253 0.0801863394230424 0.0219077931733043 0.0241116995113781 -0.0542279410975981
0.0233460208181802 0.00748367001930737 0.042630230167942 -0.0431411978280605 0.0219077931733043 0.0345871689939218 0.0116808853802392 -0.000354462721683675
-0.00226558116347493 0.0312679803170849 0.0609972241322123 0.00258895021947893 0.0241116995113781 0.0116808853802392 0.154577660027497 -0.035886597430999
-0.0326259782906427 0.060688275480215 0.032354762678087 0.035241434829538 -0.0542279410975981 -0.000354462721683675 -0.035886597430999 0.0635798391935713
