0.0509788663232765 -0.0530225059588714 -0.0214252882923872 -0.00468840905028699 0.0488347777195492 0.0136024378164883 0.0325380038273308 -0.037376733577991
-0.0530225059588714 0.0989795444850456 0.0646657930192042 0.00824326137719164 -0.0332604617039316 0.0348027258633344 -0.0271061578426763 0.0604021115931548
-0.0214252882923872 0.0646657930192042 0.0653413676172781 -0.0193517102665448 -0.0274176966534394 0.0377956259173804 -0.00180083555699911 0.0374800170025001
-0.00468840905028699 0.00824326137719164 -0.0193517102665448 0.0470130998462349 0.0158462287993715 -0.00561262673390111 -0.00543107121115584 0.0493322069834387
0.0488347777195492 -0.0332604617039316 -0.0274176966534394 0.0158462287993715 0.00725414455783771 0.00932624188045177 -0.0119581117160814 0.0109283555944904
0.0136024378164883 0.0348027258633344 0.0377956259173803 -0.00561262673390111 0.00932624188045178 0.000306402344300937 -0.0332731909017318 0.0106518857889574
0.0325380038273308 -0.0271061578426763 -0.00180083555699911 -0.00543107121115584 -0.0119581117160814 -0.0332731909017318 0.0676869473271505 -0.0352600169805169
-0.037376733577991 0.0604021115931548 0.0374800170025001 0.0493322069834387 0.0109283555944904 0.0106518857889574 -0.0352600169805169 0.0868041946074296
