0.110305155624065 -0.0649740150652484 -0.0834035289247334 -0.0370654461224362 0.116749295122454 0.0526372925273044 0.0426717484435112 -0.0557979941808069
-0.0649740150652484 0.0720699948528321 0.099916762026388 0.0344085760880346 -0.0445322841452802 -0.00185470242614922 -0.00100295929377483 0.065668955422296
-0.0834035289247334 0.099916762026388 0.127819626086754 0.030216710106936 -0.0901041406551674 -0.0192294465888295 0.0454307456908113 0.0825561319736363
-0.0370654461224362 0.0344085760880346 0.030216710106936 0.0396676642646187 -0.00384716590241815 -0.0343401761101315 -0.00972500948048971 0.0418536257964626
0.116749295122454 -0.0445322841452802 -0.0901041406551674 -0.00384716590241815 0.0563619888338841 0.0658765858450056 0.0669055613653733 -0.0357680964317805
0.0526372925273044 -0.00185470242614922 -0.0192294465888295 -0.0343401761101315 0.0658765858450057 -0.00668459884715912 0.0249858320316346 -0.0160852176568762
0.0426717484435112 -0.00100295929377483 0.0454307456908113 -0.00972500948048971 0.0669055613653733 0.0249858320316346 0.116309653291416 -0.0200678994481571
-0.0557979941808069 0.065668955422296 0.0825561319736363 0.0418536257964626 -0.0357680964317805 -0.0160852176568762 -0.0200678994481571 0.0610238479450584
