0.108565209095622 -0.0469798253118741 -0.0509422036208361 -0.0403865011265871 0.0696212486080072 0.0727361380387494 0.085211562218967 -0.0820227399095385
-0.0469798253118741 0.0383753869232229 0.065782672570083 -0.0153013317100593 0.00988965074959431 -0.0157913807130217 -0.00169534647873874 0.0295944798941338
-0.0509422036208361 0.065782672570083 0.094048523321776 -0.029783590881911 -0.0216908939490191 -0.00399277580523857 0.0462901416505808 -0.00837803491247908
-0.0403865011265871 -0.0153013317100593 -0.029783590881911 0.0901699774106231 -0.0393136117375204 -0.0308484517523724 -0.0329343070612979 0.0605957790755562
0.0696212486080072 0.00988965074959431 -0.0216908939490191 -0.0393136117375204 0.012371118763408 0.0240436361620771 0.084555720465663 -0.0282111633868582
0.0727361380387494 -0.0157913807130217 -0.00399277580523857 -0.0308484517523724 0.0240436361620771 0.000844728272161714 0.0373239930076788 -0.0447172429371748
0.085211562218967 -0.00169534647873874 0.0462901416505808 -0.0329343070612979 0.084555720465663 0.0373239930076788 0.188071824097622 -0.12197501184809
-0.0820227399095385 0.0295944798941338 -0.00837803491247908 0.0605957790755562 -0.0282111633868582 -0.0447172429371748 -0.12197501184809 0.0811433350827528
