0.128712713542085 -0.102987155110449 -0.042513749385978 -0.0439924440547511 0.143620899701435 0.0414448399633437 0.103172803580075 -0.0965562520362019
-0.102987155110449 0.135429902718009 0.0843313366171895 0.0318468032256238 -0.0972987038215258 0.012454276090419 -0.0861714104361149 0.0845147582180382
-0.042513749385978 0.0843313366171895 0.0591227676847505 -0.0187856222637916 -0.0644497080561443 0.030391514573739 -0.0226516175792798 0.0454584117385177
-0.0439924440547511 0.0318468032256238 -0.0187856222637916 0.0916871362954111 -0.0457301103393209 -0.0385525764073946 -0.0202322537235677 0.0451218800287721
0.143620899701435 -0.0972987038215258 -0.0644497080561443 -0.0457301103393209 0.153030378851619 0.047157099620803 0.127503337949726 -0.0596187298327935
0.0414448399633437 0.012454276090419 0.0303915145737391 -0.0385525764073946 0.047157099620803 0.010394288188762 -0.0135113388065616 0.00960035696430952
0.103172803580075 -0.0861714104361149 -0.0226516175792798 -0.0202322537235677 0.127503337949726 -0.0135113388065616 0.112802809236454 -0.0612953047104041
-0.0965562520362019 0.0845147582180382 0.0454584117385177 0.0451218800287721 -0.0596187298327935 0.00960035696430952 -0.0612953047104041 0.0809815606309587
