0.0823506596900322 -0.0435829243083434 -0.0408717620017134 -0.0593547704066336 0.111568978994306 0.0359399420765134 0.0951015302303911 -0.0730173304979191
-0.0435829243083434 0.0906034421175781 0.0837750821831961 0.0292202133753415 -0.017121188913149 0.0306524886136847 0.000774126328211552 0.0385257088905475
-0.0408717620017134 0.0837750821831961 0.0778824678516414 0.00104338975776301 -0.0133804515202197 0.0142427932283782 0.0496198268383272 0.0280143843131938
-0.0593547704066336 0.0292202133753415 0.00104338975776301 0.138852862972342 -0.0676261710908629 -0.0454102681019142 -0.0560172666218708 0.0961345378776029
0.111568978994306 -0.017121188913149 -0.0133804515202197 -0.0676261710908629 0.0536259514781254 0.0356868160710922 0.15181995674408 -0.0755500067066671
0.0359399420765134 0.0306524886136847 0.0142427932283782 -0.0454102681019142 0.0356868160710922 0.0200119376127211 -0.0433644456154348 -0.0160638015763004
0.0951015302303911 0.000774126328211538 0.0496198268383272 -0.0560172666218708 0.15181995674408 -0.0433644456154348 0.403077908892023 -0.0681281042846144
-0.0730173304979191 0.0385257088905475 0.0280143843131938 0.0961345378776029 -0.0755500067066671 -0.0160638015763005 -0.0681281042846144 0.0725064088033207
