0.0394971613588415 -0.0265197249634415 -0.0329110571357663 -0.000439320405804783 0.0639850636940059 0.0307128104634771 0.0302278595925157 -0.00786465945947136
-0.0265197249634415 0.036884353253677 0.0483304338747453 0.00281184743269729 0.0119150783049757 -0.00133135748972575 0.0153457254662574 0.0236967488833786
-0.0329110571357663 0.0483304338747453 0.050698390875018 -0.0319129957742166 -0.0177980942570647 0.00625573700917959 0.019228729163549 -0.0175081633909038
-0.000439320405804781 0.00281184743269729 -0.0319129957742166 0.0285875735541482 0.0288290730056467 -0.0231513705465734 -0.00787614715700429 0.0452759462324669
0.0639850636940059 0.0119150783049757 -0.0177980942570647 0.0288290730056467 0.147816240488769 0.0331395975312502 0.0769221982457426 0.0178290995097753
0.0307128104634771 -0.00133135748972575 0.00625573700917958 -0.0231513705465734 0.0331395975312502 0.043556568817381 -0.0392613782940775 0.0104546871491538
0.0302278595925157 0.0153457254662574 0.019228729163549 -0.00787614715700429 0.0769221982457426 -0.0392613782940775 0.0904993017707486 -0.0370814095732077
-0.00786465945947136 0.0236967488833786 -0.0175081633909038 0.0452759462324669 0.0178290995097753 0.0104546871491538 -0.0370814095732077 0.0579692237781671
