0.0827722741155587 -0.0575297562917548 -0.0294782326362225 -0.0511929279734761 0.113192826503072 0.0198861774993539 0.0250478229943071 -0.0855120541125791
-0.0575297562917548 0.126900067606849 0.108667276288886 -0.028787593524416 -0.0329902602953096 0.038109368658084 0.0345541864928246 0.05929267945479
-0.0294782326362225 0.108667276288886 0.0994377303965225 -0.0446969872321261 -0.00642792580231164 0.0520799894497939 0.0989963868271555 0.0209714060573722
-0.0511929279734761 -0.028787593524416 -0.0446969872321261 0.12908167985752 -0.0846345761014951 -0.0444411129970068 -0.0264453324599055 0.0746957072389155
0.113192826503072 -0.0329902602953096 -0.00642792580231164 -0.0846345761014951 0.0693611022980182 0.0344484147065915 0.0522192087016138 -0.0940974798806777
0.0198861774993539 0.038109368658084 0.0520799894497939 -0.0444411129970068 0.0344484147065915 -0.00883866915396583 0.00619774576328978 -0.00878164378252768
0.0250478229943071 0.0345541864928246 0.0989963868271555 -0.0264453324599055 0.0522192087016138 0.00619774576328978 0.152675977828801 -0.0562667167110813
-0.0855120541125791 0.05929267945479 0.0209714060573722 0.0746957072389155 -0.0940974798806777 -0.00878164378252769 -0.0562667167110813 0.0983285173354797
