0.0509100045549196 -0.0351151032855682 -0.0508418298410234 -0.0164960061175162 0.0466346575712384 0.0330479087076922 -0.0116540150227002 -0.0499579714174508
-0.0351151032855682 0.0721564285681273 0.0932102494246414 0.0163351238366575 -0.00970021969390769 0.0157729759325034 0.0370103672989798 0.0447674097034411
-0.0508418298410234 0.0932102494246414 0.112847750887442 -0.00385862636617947 -0.0212585421460212 0.015797108049682 0.100464974153018 0.0541164233725014
-0.0164960061175162 0.0163351238366575 -0.00385862636617947 0.152884709278721 -0.0575614951504048 -0.0231747465701175 -0.024426733025553 0.0768651657811735
0.0466346575712384 -0.00970021969390769 -0.0212585421460212 -0.0575614951504048 -0.0280105393148383 0.0150794985228082 0.0467728749931907 -0.0665018810606597
0.0330479087076922 0.0157729759325034 0.015797108049682 -0.0231747465701175 0.0150794985228082 0.00825891677198332 -0.0458780772955436 -0.00882748550981637
-0.0116540150227002 0.0370103672989798 0.100464974153018 -0.024426733025553 0.0467728749931907 -0.0458780772955437 0.174982282947321 -0.0234856550266957
-0.0499579714174508 0.0447674097034411 0.0541164233725014 0.0768651657811735 -0.0665018810606597 -0.00882748550981638 -0.0234856550266957 0.0584325396156718
