0.0942023810404087 -0.0736859854251426 -0.0541287192392545 -0.0620738962403529 0.0822039442214518 0.0667988336120336 -0.0386116350311879 -0.0900577789936144
-0.0736859854251426 0.154439634419202 0.138419021004387 0.00393065957125706 -0.0121250304541189 0.0165582632008976 0.085690387006178 0.0684089179652337
-0.0541287192392545 0.138419021004387 0.139821661626175 0.0107298501419121 -0.0148658441258723 0.0156635563565234 0.111641150163121 0.055599579014807
-0.0620738962403529 0.00393065957125706 0.0107298501419121 0.204181793543748 -0.0503379100385912 -0.091966030607305 0.00463717773315055 0.124679993438532
0.0822039442214518 -0.0121250304541189 -0.0148658441258723 -0.0503379100385912 -0.0111991985855973 0.049285823422325 -0.00646907171097055 -0.0430286392373638
0.0667988336120336 0.0165582632008976 0.0156635563565234 -0.091966030607305 0.049285823422325 0.0447437180619144 -0.0344002933403477 -0.0540862607149903
-0.0386116350311879 0.085690387006178 0.111641150163121 0.00463717773315055 -0.00646907171097057 -0.0344002933403477 0.114457322415393 0.0118612030014277
-0.0900577789936144 0.0684089179652337 0.0555995790148071 0.124679993438532 -0.0430286392373639 -0.0540862607149903 0.0118612030014277 0.120469410422076
