0.0628687222968217 -0.0511751186437295 -0.0327037154057544 -0.0225619409773425 0.0627094001848297 0.0102348333672273 0.0055048121463339 -0.0580543980146829
-0.0511751186437295 0.0891141232112249 0.0817409338759008 0.0313325340669699 -0.0370824057750993 0.020830413384095 0.0427394749653141 0.0527760678305134
-0.0327037154057544 0.0817409338759008 0.0715852161583923 0.0176315156059829 -0.0218124747665913 0.0328269809355264 0.0781997156251999 0.0195237448033066
-0.0225619409773425 0.0313325340669699 0.0176315156059829 0.0414287344997753 -0.0107445851129238 0.00975520486838717 0.00694282691278453 0.0421978915425083
0.0627094001848297 -0.0370824057750993 -0.0218124747665913 -0.0107445851129238 0.0257867580867424 0.0127307602547396 0.0468305588463134 -0.0272136522841508
0.0102348333672273 0.020830413384095 0.0328269809355264 0.00975520486838717 0.0127307602547396 -0.0078137729433093 -0.017167101385786 0.00129579902437581
0.0055048121463339 0.0427394749653141 0.0781997156251999 0.00694282691278453 0.0468305588463134 -0.017167101385786 0.159905550568638 -0.0190952747005411
-0.0580543980146829 0.0527760678305134 0.0195237448033066 0.0421978915425083 -0.0272136522841508 0.00129579902437582 -0.0190952747005411 0.044093939284285
