0.0630542515383678 -0.0237759284264828 -0.054184035945393 0.00905737500664595 0.0625251620029711 -0.00460914843913422 0.039019859458607 -0.023401188736867
-0.0237759284264828 0.0913971811296711 0.0702477130311447 0.0188902298192148 0.00502941282465 0.00941124502551941 0.0467079074908007 0.0519458975115818
-0.054184035945393 0.0702477130311447 0.0921187459942467 -0.0115580450857541 -0.0316444249304245 0.0155744449033459 0.0285007389718278 0.0487052104621551
0.00905737500664595 0.0188902298192148 -0.0115580450857541 0.0808021929426611 0.0129129930126776 -0.0231906390411319 -0.011832819220236 0.0322926489820152
0.0625251620029711 0.00502941282465 -0.0316444249304245 0.0129129930126776 -0.0128020268791781 -0.027772343735582 0.134672314934617 -0.0178907800774529
-0.00460914843913422 0.00941124502551941 0.0155744449033459 -0.0231906390411319 -0.027772343735582 -0.0351580688477706 -0.0286088374850959 -0.00217918574095709
0.039019859458607 0.0467079074908007 0.0285007389718278 -0.011832819220236 0.134672314934617 -0.0286088374850959 0.247915806652333 0.00796677206796169
-0.023401188736867 0.0519458975115818 0.0487052104621551 0.0322926489820152 -0.0178907800774529 -0.00217918574095709 0.00796677206796169 0.0239130610762015
