0.061374343731653 -0.0676071710343806 -0.0658053863668733 -0.0293525266282569 0.0551855712073129 0.0370615800908345 0.0138270762473096 -0.0625475054711005
-0.0676071710343806 0.144390021183649 0.190103443790052 0.0148614098419796 0.00177349855471346 0.0304961137680261 0.0837870424273634 0.087505667569766
-0.0658053863668733 0.190103443790052 0.252737563641805 -0.0323719343364394 0.00255600368900805 0.0715843970270686 0.14593655313626 0.0796681203375041
-0.0293525266282569 0.0148614098419796 -0.0323719343364394 0.107471024062777 -0.0381692928903126 -0.0645002369542207 0.00115911984006664 0.061095084833821
0.0551855712073129 0.00177349855471347 0.00255600368900805 -0.0381692928903126 0.00248469303993985 0.0483608661871307 0.0406288678328059 -0.015637029605544
0.0370615800908345 0.0304961137680261 0.0715843970270686 -0.0645002369542207 0.0483608661871307 0.0313266518020476 0.0112052521115498 -0.0209785400578538
0.0138270762473096 0.0837870424273634 0.14593655313626 0.00115911984006664 0.0406288678328059 0.0112052521115498 0.267548939801101 -0.0126609624026861
-0.0625475054711005 0.087505667569766 0.0796681203375041 0.061095084833821 -0.015637029605544 -0.0209785400578538 -0.0126609624026861 0.0867327387906463
