0.0316036523067563 -0.0185325240837139 -0.0118626933199555 -0.00529987041760747 0.0260123647037587 0.0229835640827436 0.00235363633330376 -0.0253185235477827
-0.0185325240837139 0.0490073270557642 0.0514278222950684 -0.0100237864475313 0.0174963130522185 0.0140951025261424 0.0258460858463538 0.028713920187071
-0.0118626933199555 0.0514278222950684 0.0797560592110065 -0.0154500453027049 -0.00517450692957268 -0.00390038617322381 0.0478187872283555 0.0453788784642782
-0.00529987041760747 -0.0100237864475313 -0.0154500453027049 0.0467393968350035 -0.0064982321782134 -0.0347695012465899 -0.0284155975952374 0.0181866670275732
0.0260123647037587 0.0174963130522185 -0.00517450692957268 -0.0064982321782134 -0.0395210395370676 0.0204403733212999 -0.0102387348595552 -0.0011580296547808
0.0229835640827436 0.0140951025261424 -0.00390038617322381 -0.0347695012465899 0.0204403733212999 0.0101894344347079 -0.0195047333134894 -0.0277353323575467
0.00235363633330376 0.0258460858463538 0.0478187872283555 -0.0284155975952374 -0.0102387348595552 -0.0195047333134894 0.0566610853052804 0.0410382478045352
-0.0253185235477827 0.028713920187071 0.0453788784642782 0.0181866670275732 -0.00115802965478079 -0.0277353323575467 0.0410382478045352 0.0306677318017873
