0.0433589194513244 -0.0440807683820236 -0.0651721720578767 -0.0177180700681116 0.0645869362840946 0.0268349590297563 0.00828195597337445 -0.0481002973862159
-0.0440807683820236 0.128190696595133 0.160125381979543 0.00415826475976702 0.00299767400407001 -0.0358830640893615 0.141521714524448 0.0503908843209004
-0.0651721720578767 0.160125381979543 0.192291041578017 0.00101806652539525 -0.0321284321624939 -0.0298962606962575 0.155462735582113 0.0680390687235558
-0.0177180700681116 0.00415826475976702 0.00101806652539525 0.0606086488718083 0.0109973546500912 -4.91257329363705e-05 -0.044484333082898 0.08704632022681
0.0645869362840946 0.00299767400407001 -0.0321284321624939 0.0109973546500912 0.1229351839991 0.00818008260473562 0.108277995584933 -0.0518817289041475
0.0268349590297563 -0.0358830640893615 -0.0298962606962575 -4.91257329363696e-05 0.00818008260473562 0.00941087963738513 -0.0603662592827385 0.0228623384450617
0.00828195597337445 0.141521714524448 0.155462735582113 -0.044484333082898 0.108277995584933 -0.0603662592827385 0.236331764027006 -0.0406604952685837
-0.0481002973862159 0.0503908843209004 0.0680390687235558 0.08704632022681 -0.0518817289041475 0.0228623384450617 -0.0406604952685837 0.148278778434792
