0.0682215690429638 -0.057879086057485 -0.0493092341554614 0.0350860173054575 0.0717715854195764 0.0380792173475319 -0.00509206521737741 -0.0291128305954094
-0.057879086057485 0.0912347929153966 0.0926714235311572 -0.0348002532180036 -0.0572113212443612 -0.00893769135407352 -0.00652178698085372 0.0327372525811651
-0.0493092341554614 0.0926714235311572 0.137077208346177 -0.0757689762491095 -0.0652855660740573 0.0173634853927287 0.0575750126851821 0.0383895672628706
0.0350860173054575 -0.0348002532180036 -0.0757689762491095 0.117197447339232 0.0550979015112172 0.00361064390737669 -0.0823801643174581 -0.00372504526366056
0.0717715854195764 -0.0572113212443612 -0.0652855660740573 0.0550979015112172 0.00182339316604916 -0.00381161366235226 0.0474132960480521 -0.0289793961996753
0.0380792173475319 -0.00893769135407352 0.0173634853927287 0.00361064390737669 -0.00381161366235226 0.0523961526302703 -0.0882285764077305 0.0172368787886659
-0.00509206521737741 -0.00652178698085372 0.0575750126851821 -0.0823801643174581 0.0474132960480521 -0.0882285764077305 0.289117880464827 -0.0455664714929533
-0.0291128305954094 0.0327372525811651 0.0383895672628705 -0.00372504526366056 -0.0289793961996753 0.0172368787886659 -0.0455664714929533 -0.0024875071568778
