0.0556405786467194 -0.032847242615289 -0.0346030914952862 -0.0185094808331336 0.0643026622659745 0.0435478313330922 0.0319628044017555 -0.0126534749654908
-0.032847242615289 0.0426814329628486 0.0600946199763776 0.045039308486286 -0.0203047389760287 -0.0193490010577146 -0.0293644238997832 0.0182483372083617
-0.0346030914952862 0.0600946199763776 0.0451019662778566 0.0458480817231021 -0.0321105562392162 -0.0178468875613777 -0.0253792700347687 0.023017420808253
-0.0185094808331336 0.045039308486286 0.0458480817231021 0.0845903780994758 -0.00225259538578414 0.00177119914509849 -0.00105716193200626 0.0661707917275282
0.0643026622659745 -0.0203047389760287 -0.0321105562392162 -0.00225259538578414 0.0544359808890388 0.0407066010551563 0.0485633412467544 -0.0238943173451234
0.0435478313330922 -0.0193490010577146 -0.0178468875613777 0.00177119914509849 0.0407066010551563 -0.000940854041960372 0.00715248302138056 0.00969237934018619
0.0319628044017555 -0.0293644238997832 -0.0253792700347687 -0.00105716193200626 0.0485633412467544 0.00715248302138056 0.15731688703675 -0.0223370829496077
-0.0126534749654908 0.0182483372083617 0.023017420808253 0.0661707917275282 -0.0238943173451234 0.00969237934018619 -0.0223370829496077 0.0409150119958878
