0.0532572911733362 -0.0463202443597149 -0.0194524035789177 -0.0276962823178399 0.0225123059568062 0.0321375918521594 0.00292908270209499 -0.0410884808565133
-0.0463202443597149 0.0783367588320196 0.0696399188979988 0.00743699337305586 0.0231471797993219 0.0127948967946585 0.0278733288568113 0.0318074551773962
-0.0194524035789177 0.0696399188979988 0.117523302258868 -0.0449835217867384 0.00697105905050554 0.018703127412187 0.0624080665158938 -0.0154657940723082
-0.0276962823178399 0.00743699337305586 -0.0449835217867384 0.148555859591391 0.00939514797849167 -0.0260530376574337 -0.0299432678888688 0.0986168575877887
0.0225123059568062 0.0231471797993219 0.00697105905050554 0.00939514797849167 0.00521578055569016 0.0458276915148874 0.0345011363741045 0.031149186927957
0.0321375918521594 0.0127948967946585 0.018703127412187 -0.0260530376574337 0.0458276915148874 -0.00549674429235495 -0.0175999338995475 -0.000422836804338232
0.00292908270209499 0.0278733288568113 0.0624080665158938 -0.0299432678888688 0.0345011363741045 -0.0175999338995475 0.0292717249562069 -0.0322055584748251
-0.0410884808565133 0.0318074551773962 -0.0154657940723082 0.0986168575877887 0.031149186927957 -0.00042283680433823 -0.0322055584748251 0.0836016581374052
