0.0540806794054393 -0.0258921505470869 -0.0444481366124315 -0.0171153065889687 0.0725356237543709 0.0477368978426414 -0.00454062369710584 -0.0615187203140794
-0.0258921505470869 0.0583393257742905 0.0469780573865723 -0.00933531309288361 -0.0215639178176221 0.0132569641573327 0.04264642223234 0.00276710497470713
-0.0444481366124315 0.0469780573865723 0.0827828633477996 -0.0209315339179707 -0.0882988140247941 -0.0101269450045565 0.0707971716272216 0.0460523565950511
-0.0171153065889687 -0.00933531309288361 -0.0209315339179708 0.079380720551337 -0.0261739102135582 -0.0402937656060466 -0.0482154056912206 0.0148069037348399
0.0725356237543709 -0.0215639178176221 -0.0882988140247941 -0.0261739102135582 0.073766479859526 0.0436761885196954 0.0257547031759183 -0.0589981148000604
0.0477368978426414 0.0132569641573327 -0.0101269450045565 -0.0402937656060466 0.0436761885196954 0.0215239347392246 0.00867239855859818 -0.0555332362767752
-0.00454062369710584 0.04264642223234 0.0707971716272216 -0.0482154056912206 0.0257547031759183 0.00867239855859818 0.0257061241350871 -0.0163234202843071
-0.0615187203140794 0.00276710497470713 0.0460523565950511 0.0148069037348399 -0.0589981148000604 -0.0555332362767752 -0.0163234202843071 0.0843671624975252
