0.126836938050432 -0.0932510357771793 -0.0867135309678415 -0.0605908241373855 0.108858381039576 0.0437925020348114 0.0846794621854021 -0.116354277450619
-0.0932510357771793 0.119062819438248 0.118337570618568 0.0299081127929227 -0.068200529541811 -0.000187492540362697 -0.0168929299686695 0.0945727504366517
-0.0867135309678415 0.118337570618568 0.130580112864948 0.00943324080408381 -0.100623946100821 0.0204446378623917 -0.0167888888289629 0.0932959622663956
-0.0605908241373855 0.0299081127929227 0.00943324080408381 0.128249401416558 -0.0687723393264816 -0.0839895362425915 -0.0209385792609551 0.112213007677547
0.108858381039576 -0.068200529541811 -0.100623946100821 -0.0687723393264816 0.0580756188455378 0.0429483061765715 0.102496461022329 -0.111632996655148
0.0437925020348114 -0.000187492540362702 0.0204446378623917 -0.0839895362425915 0.0429483061765715 0.039297341538833 0.0224592163960614 -0.0364735103372625
0.0846794621854021 -0.0168929299686695 -0.0167888888289629 -0.0209385792609551 0.102496461022329 0.0224592163960614 0.213107105415118 -0.0814247367727496
-0.116354277450619 0.0945727504366517 0.0932959622663956 0.112213007677547 -0.111632996655148 -0.0364735103372625 -0.0814247367727496 0.157918412523339
