0.0868210432631862 -0.0382946098403859 -0.0229639490498583 -0.0221071660878481 0.0716966439460928 0.0544722197573329 -0.00308404755465854 -0.0544586296612734
-0.0382946098403859 0.159255618332968 0.122269180173807 0.0206268996935726 0.0401898976194631 0.0639451029094497 0.133774907054647 0.0863835447884045
-0.0229639490498583 0.122269180173807 0.0923600162904163 -0.0114640670359461 0.0315979322601413 0.0540180701053675 0.13332437475239 0.0499960337011559
-0.0221071660878481 0.0206268996935726 -0.0114640670359461 0.0589510223134843 0.00897554948783456 -0.0240777413676951 -0.0128145146248754 0.0703472993854501
0.0716966439460928 0.0401898976194631 0.0315979322601413 0.00897554948783456 0.00637177952024493 0.0622460286635809 0.0781656807402737 -0.00911995067067843
0.0544722197573329 0.0639451029094497 0.0540180701053675 -0.0240777413676951 0.0622460286635809 0.0205323550112711 0.0586429607347541 -0.000958723491994394
-0.00308404755465853 0.133774907054647 0.13332437475239 -0.0128145146248754 0.0781656807402737 0.0586429607347541 0.111259905359845 0.0577544815997864
-0.0544586296612734 0.0863835447884045 0.0499960337011559 0.0703472993854501 -0.00911995067067844 -0.00095872349199439 0.0577544815997864 0.0868739942763766
