0.0251166529859126 -0.00960923378172914 -0.0241854836538832 -0.00687558928215911 0.0318804403828903 0.0311192325076031 0.0109653719609116 -0.00679622950121169
-0.00960923378172914 0.0654464259154023 0.0887168331168262 -0.00890664052988258 -0.0275767963253027 0.0235679536182194 0.0960702411345585 0.0139179496927807
-0.0241854836538832 0.0887168331168262 0.100247621010698 -0.0129403594534966 -0.0298072893454204 0.00590748719442018 0.128551267523757 0.0290272258542878
-0.00687558928215911 -0.00890664052988258 -0.0129403594534966 0.0326212873531622 0.0111484536151105 0.00473672282868427 -0.0134996122737721 0.0329410282281705
0.0318804403828903 -0.0275767963253027 -0.0298072893454204 0.0111484536151105 -0.0363575132779588 0.0225425980254558 -0.0212547591054162 -0.0133539536935169
0.0311192325076031 0.0235679536182194 0.00590748719442017 0.00473672282868427 0.0225425980254558 0.011361457710976 0.0228253035440376 0.0147884121508152
0.0109653719609116 0.0960702411345585 0.128551267523757 -0.0134996122737721 -0.0212547591054162 0.0228253035440376 0.149072373437619 0.0137060775752345
-0.00679622950121169 0.0139179496927807 0.0290272258542878 0.0329410282281705 -0.0133539536935169 0.0147884121508152 0.0137060775752345 0.0310155822297541
