0.129321607318567 -0.116954186885885 -0.0717355438519675 -0.0344958711744347 0.122687864524068 0.0590349183469022 0.00387204146891401 -0.0779459789939684
-0.116954186885885 0.186744682486578 0.158314237709217 -0.00893203625863166 -0.119953665881093 -0.0145955885991121 -0.0287264004040069 0.0863502795434199
-0.0717355438519675 0.158314237709217 0.161783676986744 -0.0186646987997978 -0.110223516703311 0.0154185101649602 0.0395104296651255 0.0592412377203031
-0.0344958711744347 -0.00893203625863166 -0.0186646987997978 0.0700712168659889 -0.0302413954103479 -0.042168661201482 0.00602379200932121 0.0431681694018213
0.122687864524068 -0.119953665881093 -0.110223516703311 -0.0302413954103479 0.044654974889211 0.0335795629240235 0.038523925385905 -0.0843383316386295
0.0590349183469022 -0.0145955885991121 0.0154185101649602 -0.042168661201482 0.0335795629240235 -0.00218472354456351 0.00205977293628259 -0.0208907483364494
0.00387204146891402 -0.0287264004040069 0.0395104296651255 0.00602379200932121 0.038523925385905 0.00205977293628259 0.0894354755008197 -0.0504066890383449
-0.0779459789939684 0.0863502795434199 0.0592412377203031 0.0431681694018213 -0.0843383316386295 -0.0208907483364494 -0.0504066890383449 0.0450562874061654
