0.180440872356814 -0.130697835588453 -0.0833739065397482 -0.179360577264239 0.0800015652191396 0.155932964742624 -0.10073403390945 -0.160240871520365
-0.130697835588453 0.151515240848262 0.16326206631853 0.171217842331013 -0.000442574803945877 -0.0712744443024627 0.185454930798019 0.160525184729915
-0.0833739065397482 0.16326206631853 0.15781109185245 0.0832771754487623 -0.0155370625566876 -0.0218584169108364 0.186075305781045 0.139067030955677
-0.179360577264239 0.171217842331013 0.0832771754487623 0.384071159531637 0.00451100146024558 -0.159191343413803 0.205236936673074 0.267828095547508
0.0800015652191396 -0.000442574803945881 -0.0155370625566876 0.00451100146024559 -0.142229372109373 0.0652825169515471 0.0308294681816805 -0.0358179821667149
0.155932964742624 -0.0712744443024627 -0.0218584169108364 -0.159191343413803 0.0652825169515471 0.0751881609175303 -0.0943116428079296 -0.131843157728312
-0.10073403390945 0.185454930798019 0.186075305781045 0.205236936673074 0.0308294681816805 -0.0943116428079296 0.263460128446485 0.175932231843909
-0.160240871520365 0.160525184729915 0.139067030955677 0.267828095547508 -0.0358179821667149 -0.131843157728312 0.175932231843909 0.224071148461511
