0.0755771229893969 -0.0527309485423057 0.0207711937843645 -0.0240768107480539 0.0876530289342635 0.0529671503730224 0.067602414168061 -0.0720512351786473
-0.0527309485423057 0.053176149996443 0.0264407679734253 -0.00539803920660223 -0.0427546604430408 -0.0188197118394434 -0.0112109227615043 0.0563332255790904
0.0207711937843645 0.0264407679734253 0.0564435367334547 -0.0333513919894597 0.0176644386663285 0.0322501986884595 0.0773379156097492 -0.0171630626398793
-0.0240768107480539 -0.00539803920660223 -0.0333513919894597 0.0892009103134287 -0.00228042295383451 -0.0241531554374409 -0.0399525016707169 0.0873864430189586
0.0876530289342635 -0.0427546604430408 0.0176644386663285 -0.00228042295383451 0.0261975295945268 0.0457500727613163 0.139691741474912 -0.041956550643932
0.0529671503730224 -0.0188197118394434 0.0322501986884595 -0.0241531554374409 0.0457500727613163 -0.0150711269929746 0.0440987125012451 -0.0409070256102881
0.067602414168061 -0.0112109227615043 0.0773379156097492 -0.0399525016707169 0.139691741474912 0.0440987125012451 0.143005241561277 -0.0703780133987132
-0.0720512351786473 0.0563332255790904 -0.0171630626398793 0.0873864430189586 -0.041956550643932 -0.0409070256102881 -0.0703780133987132 0.105911368055031
