0.105563525576993 -0.10739723378204 -0.0543493442158031 -0.0329633643353476 0.0891212699173193 0.0267153902460041 0.0447343712908905 -0.125751316326122
-0.10739723378204 0.209287228344879 0.143146515772387 0.00332905594025349 -0.0385843635709299 0.0499139347891762 -0.0649887816085259 0.200496817850818
-0.0543493442158031 0.143146515772387 0.127715194033856 0.0103326464730527 -0.0475026312308665 0.0411295594360239 0.0800130549772246 0.113110054345234
-0.0329633643353476 0.0033290559402535 0.0103326464730528 0.0808073453997488 -0.0255900802180254 -0.0237278474944378 0.0104236956520549 0.0379615389199794
0.0891212699173193 -0.0385843635709299 -0.0475026312308665 -0.0255900802180254 0.0166101034742033 0.0181831049167811 0.0503187229623051 -0.0628346069198094
0.0267153902460041 0.0499139347891762 0.0411295594360239 -0.0237278474944378 0.0181831049167811 0.00241513571486217 -0.047143794521853 0.0594053899212219
0.0447343712908905 -0.0649887816085259 0.0800130549772246 0.0104236956520549 0.0503187229623051 -0.047143794521853 0.343772951359707 -0.138807057260545
-0.125751316326122 0.200496817850818 0.113110054345234 0.0379615389199794 -0.0628346069198094 0.0594053899212219 -0.138807057260545 0.238569126456687
