0.0329426394601128 -0.00432540451727087 -0.0292695503803513 -0.00668049135648283 0.0313214522391674 0.0290346499887439 0.00582715103402755 -0.0356800685414853
-0.00432540451727087 0.051577877093226 0.0546072994374994 0.00927256072043185 0.0179683580098871 0.0277262188371817 0.00494436821605352 0.0429243992685789
-0.0292695503803513 0.0546072994374994 0.0664111765563117 -0.000201334171652134 0.0176544541411956 0.0153342480729671 0.0520142484723751 0.0330827419294845
-0.00668049135648283 0.00927256072043185 -0.00020133417165213 0.0714346123503398 0.00117957913350073 -0.00806586657962297 -0.0452021238218433 0.0553876526864376
0.0313214522391674 0.0179683580098871 0.0176544541411956 0.00117957913350073 0.0140993711725237 0.0325172942212525 0.0522650989016094 0.0171525723523133
0.0290346499887439 0.0277262188371817 0.0153342480729671 -0.00806586657962297 0.0325172942212525 0.0306268775014569 -0.0172467136485671 0.000395110727414199
0.00582715103402755 0.00494436821605352 0.0520142484723751 -0.0452021238218433 0.0522650989016094 -0.0172467136485671 0.0539105234355546 -0.0263507009156203
-0.0356800685414853 0.0429243992685789 0.0330827419294845 0.0553876526864376 0.0171525723523133 0.000395110727414199 -0.0263507009156203 0.105182067102939
