0.0576391136228425 -0.0336295718855891 -0.0428506340089015 -0.0317761196765956 0.083175903521724 0.0124051471060429 0.026882558671279 -0.00304868013817756
-0.0336295718855891 0.0399926822722268 0.0574042211164705 0.0137081003815128 -0.027527861396852 0.00787863510073593 0.033559547367706 0.0202628561859255
-0.0428506340089015 0.0574042211164705 0.0901880909974706 -0.00854480977616896 -0.0129258792895017 0.0189021843009887 0.0262478858576377 0.0351709539799428
-0.0317761196765956 0.0137081003815128 -0.00854480977616896 0.040329499163254 -0.0307860931634274 -0.00774954615117101 -0.00804038938756145 0.0181081118422429
0.083175903521724 -0.027527861396852 -0.0129258792895017 -0.0307860931634274 0.0633872998259015 0.0118923425419958 0.087176526201027 -0.00372738626481543
0.0124051471060429 0.00787863510073593 0.0189021843009887 -0.00774954615117101 0.0118923425419958 -0.0118073486919766 0.0219201415641125 0.0146447786209991
0.026882558671279 0.033559547367706 0.0262478858576377 -0.00804038938756145 0.087176526201027 0.0219201415641125 0.0510077634213127 -0.0045946504862643
-0.00304868013817757 0.0202628561859255 0.0351709539799428 0.0181081118422429 -0.00372738626481543 0.0146447786209991 -0.0045946504862643 0.0354825633428746
