0.0779865588954914 -0.0371866488402235 -0.0366073533071724 -0.00357752687822951 0.0627147925068044 0.0289607118045327 -0.0295979294909774 -0.0258939610827355
-0.0371866488402235 0.0770495319589632 0.0787216537715053 0.0121608605728081 -0.0133197938890531 -0.0111380709982843 0.0516032260606548 0.0578731030666075
-0.0366073533071724 0.0787216537715053 0.0741375714383194 -0.0220624192684889 -0.0361420535059667 -0.0208954601349802 0.0816055839750118 0.0378006100958169
-0.00357752687822951 0.0121608605728081 -0.0220624192684889 0.058567185832664 -0.0146351768786162 0.0122377885553996 -0.0123265083844293 0.0418916474883418
0.0627147925068044 -0.0133197938890531 -0.0361420535059667 -0.0146351768786162 0.0151052429566818 0.00438781857622821 -0.00549591635973282 -0.0433561904350276
0.0289607118045327 -0.0111380709982844 -0.0208954601349802 0.0122377885553996 0.00438781857622821 0.0152017608886034 -0.0365278225599278 -0.0134653905306684
-0.0295979294909774 0.0516032260606548 0.0816055839750118 -0.0123265083844293 -0.00549591635973282 -0.0365278225599278 0.0275660108493684 0.0240815750221065
-0.0258939610827355 0.0578731030666075 0.0378006100958169 0.0418916474883418 -0.0433561904350276 -0.0134653905306684 0.0240815750221065 0.0693521213157854
