0.106449850736999 -0.078391407057239 -0.0458855889492432 -0.0342695955974156 0.131215081194611 0.033756773404997 0.0510820902002644 -0.091500274860548
-0.078391407057239 0.133174088621962 0.0904364618746802 0.00911370904353467 -0.0715233286983419 0.0379198010501067 -0.0389614595834802 0.100472301996956
-0.0458855889492432 0.0904364618746802 0.0679371990074711 0.00260928446239018 -0.058264798952469 0.0360205141863855 0.0111327881275053 0.0761838935474229
-0.0342695955974156 0.00911370904353466 0.00260928446239018 0.0148782729911604 -0.0377392992340096 -0.0254558453515452 -0.0075507127573581 0.0306590769880871
0.131215081194611 -0.0715233286983419 -0.058264798952469 -0.0377392992340096 0.0790224910836091 0.0301408680850382 0.0425602014229616 -0.110502855609259
0.033756773404997 0.0379198010501067 0.0360205141863855 -0.0254558453515452 0.0301408680850382 0.0356891379531851 0.0160238986324925 0.0187477992220872
0.0510820902002644 -0.0389614595834802 0.0111327881275053 -0.0075507127573581 0.0425602014229616 0.0160238986324925 0.0314480908568418 -0.0344293187771799
-0.091500274860548 0.100472301996956 0.0761838935474229 0.0306590769880871 -0.110502855609259 0.0187477992220872 -0.0344293187771799 0.0945835123865262
