0.0318382487437696 -0.0261269028152306 -0.00886668618523358 -0.025141765109351 0.0672389606318297 0.0203003311902874 0.0160179370705707 -0.0390846053842387
-0.0261269028152306 0.0615470755393976 0.0944887673246012 -0.00759080104173936 -0.00469863424844466 0.0061716701006251 0.0641688413944879 0.023183812557411
-0.00886668618523358 0.0944887673246012 0.121796725421639 -0.0389060305651708 0.030881669614327 0.0314550812096028 0.110484528538207 0.00782487301330445
-0.025141765109351 -0.00759080104173937 -0.0389060305651708 0.0865062665508499 -0.0237167754962048 -0.0481550723875589 -0.0128147774891991 0.0444074893281318
0.0672389606318297 -0.00469863424844466 0.030881669614327 -0.0237167754962048 0.0427348007168114 0.0324181112145949 0.0770835286654181 -0.0407564710654164
0.0203003311902874 0.0061716701006251 0.0314550812096028 -0.0481550723875589 0.0324181112145949 0.0234373884123756 0.0293948078624813 -0.00359801963946753
0.0160179370705707 0.0641688413944879 0.110484528538207 -0.0128147774891991 0.0770835286654181 0.0293948078624813 0.0551119456339938 -0.0144547678195608
-0.0390846053842387 0.023183812557411 0.00782487301330445 0.0444074893281318 -0.0407564710654164 -0.00359801963946753 -0.0144547678195608 0.0151937685165321
