0.0375553906228056 -0.0510983385790501 -0.0323558916086829 -0.0506999433699467 0.032780808990935 0.0158858443849991 0.0485412897170962 -0.0640768887764885
-0.0510983385790501 0.080001570508758 0.0523231027267916 0.0416997813555008 -0.0458077547507385 -0.000821295333797058 -0.0318252450164749 0.070928351777528
-0.0323558916086829 0.0523231027267916 0.0590830465924676 0.0278932223312943 -0.022944395591675 0.00971195909243376 0.00611205634601087 0.0507978231484423
-0.0506999433699467 0.0416997813555008 0.0278932223312943 0.0960780037746494 -0.0482652363349915 -0.0101848539233575 -0.0487269915633632 0.110672922086546
0.032780808990935 -0.0458077547507385 -0.022944395591675 -0.0482652363349915 0.0113265853969735 -0.00552579032445304 0.0469197530328487 -0.0671563071439066
0.0158858443849991 -0.000821295333797058 0.00971195909243376 -0.0101848539233575 -0.00552579032445304 -0.00106013527518244 0.0126803440911266 -0.00787073551253169
0.0485412897170962 -0.0318252450164749 0.00611205634601087 -0.0487269915633632 0.0469197530328487 0.0126803440911266 0.0315833352576898 -0.0641636824494284
-0.0640768887764885 0.070928351777528 0.0507978231484423 0.110672922086546 -0.0671563071439066 -0.0078707355125317 -0.0641636824494284 0.115375483681967
