0.0840111982571277 -0.0603726422604586 -0.0218724631128449 -0.0269582662516635 0.0531712161093472 0.0359961932571437 0.028763059104487 -0.0584687223155938
-0.0603726422604586 0.0546303579395652 0.0205783586964723 0.033286059556184 -0.0200936811122471 -0.014953870420167 -0.0146326050348405 0.0652986573368342
-0.0218724631128449 0.0205783586964723 0.10138577968548 -0.0553329056156581 0.0638648062811537 0.0585358145681581 0.0329462885416656 -0.0227421406539372
-0.0269582662516635 0.033286059556184 -0.0553329056156581 0.0788058858682696 -0.064221331654653 -0.0339281992025582 -0.0352789906841133 0.0760907321073382
0.0531712161093472 -0.0200936811122471 0.0638648062811537 -0.064221331654653 0.0886356581562322 0.0594406000544344 0.0433862640936883 -0.0406349699888076
0.0359961932571437 -0.014953870420167 0.0585358145681581 -0.0339281992025582 0.0594406000544343 0.00935594599517611 0.00371429736307365 -0.0489607809448323
0.028763059104487 -0.0146326050348405 0.0329462885416656 -0.0352789906841133 0.0433862640936883 0.00371429736307365 -0.0301641775212713 -0.0466693763300018
-0.0584687223155938 0.0652986573368342 -0.0227421406539372 0.0760907321073382 -0.0406349699888076 -0.0489607809448323 -0.0466693763300018 0.0875681990571595
