0.0458803342062609 -0.0383751849348013 -0.027305894999422 -0.0367891169790056 0.0527227094351428 0.0215518035692183 0.0222277874439893 -0.0550435321600207
-0.0383751849348013 0.0648852085982556 0.0756368723261251 0.0275548438868755 -0.01467956702474 -0.00801426448336044 0.0171345019943156 0.0554394650650806
-0.027305894999422 0.0756368723261251 0.0938173232928795 -0.0146067798709343 -0.00220416922814001 0.0102427561940886 0.0647613598278418 0.0396449540460022
-0.0367891169790056 0.0275548438868755 -0.0146067798709343 0.0630255212238793 -0.0243968651595879 -0.0316796627447227 -0.054021006219975 0.0411733175485151
0.0527227094351428 -0.01467956702474 -0.00220416922814002 -0.0243968651595879 -0.00761726281159914 -0.0121582780099182 0.0815925684880157 -0.0449191544682394
0.0215518035692183 -0.00801426448336044 0.0102427561940886 -0.0316796627447227 -0.0121582780099182 0.00339747599473543 -0.0176308786820188 0.0112152113790168
0.0222277874439893 0.0171345019943156 0.0647613598278418 -0.054021006219975 0.0815925684880157 -0.0176308786820188 0.0731992671221997 -0.0350397213570919
-0.0550435321600207 0.0554394650650806 0.0396449540460022 0.0411733175485151 -0.0449191544682394 0.0112152113790168 -0.0350397213570919 0.0610504366089929
