0.0647364440442027 -0.0389936317589309 -0.0520245597654332 -0.0444661036459455 0.0656104004107936 0.0349232623247912 -0.0283987136342979 -0.0661049052043622
-0.0389936317589309 0.0320835435761207 0.0632423080744525 0.0309590535836423 -0.014435397960537 -0.00318241629807586 0.026228720236266 0.0434689573493112
-0.0520245597654332 0.0632423080744525 0.0882941009964116 0.0244657299008175 -0.0209394723889493 -0.00660833017595097 0.035959926522724 0.0493083989243452
-0.0444661036459455 0.0309590535836423 0.0244657299008175 0.056885948438565 -0.0479598308269831 -0.0381637781901332 0.0161825071223613 0.0704460867831927
0.0656104004107936 -0.014435397960537 -0.0209394723889493 -0.0479598308269831 -0.0384116834198637 0.0365321654802493 0.000549008241986444 -0.0591676619662267
0.0349232623247912 -0.00318241629807586 -0.00660833017595097 -0.0381637781901332 0.0365321654802493 -0.00484672764174572 -0.0349169887916719 -0.0293541511757481
-0.0283987136342979 0.026228720236266 0.035959926522724 0.0161825071223613 0.000549008241986454 -0.0349169887916719 0.0695902717380303 -0.0212739167476674
-0.0661049052043622 0.0434689573493112 0.0493083989243452 0.0704460867831927 -0.0591676619662267 -0.0293541511757481 -0.0212739167476674 0.0941512026430595
