0.0570057774469501 -0.0352119478579076 -0.0224226155141678 -0.0308058583340441 0.0537356615467231 0.0181433812448288 0.0470115655080505 -0.00287521733685137
-0.0352119478579076 0.0418632764076422 0.0601147106071463 0.018427796259831 -0.00802441560236587 3.6121534146185e-05 0.0282147484960086 -0.00172296178770734
-0.0224226155141678 0.0601147106071463 0.0950519612691527 0.008904878215055 -0.0118640347389888 0.0160759124635072 0.0129315655741189 0.000801449777746154
-0.0308058583340441 0.018427796259831 0.008904878215055 0.0762607400915567 -0.0126743916933262 -0.00984725957045447 -0.00151770079694425 0.0370474400679468
0.0537356615467231 -0.00802441560236587 -0.0118640347389888 -0.0126743916933262 -0.0469916900880883 0.0295580063405235 0.0946417662447027 0.0183685222612147
0.0181433812448288 3.61215341461882e-05 0.0160759124635072 -0.00984725957045447 0.0295580063405235 0.0302917243048148 0.00692093436166584 0.016250317938778
0.0470115655080505 0.0282147484960086 0.0129315655741189 -0.00151770079694425 0.0946417662447027 0.00692093436166584 0.217153172168789 0.00418381331618375
-0.00287521733685137 -0.00172296178770734 0.000801449777746155 0.0370474400679468 0.0183685222612147 0.016250317938778 0.00418381331618375 0.0196435216297337
