0.0532672962672467 -0.00914734454207993 0.00315833804473245 -0.03884366531564 0.0692432202126481 0.0557696018770142 0.044147253313719 -0.0213100496851712
-0.00914734454207993 0.0605590526095745 0.082011947506719 -0.00689489098159317 0.007207928063302 0.0222214707694238 0.039098060360779 0.0303964934047096
0.00315833804473245 0.082011947506719 0.136139389214751 -0.0845958379268297 -0.00100977743967141 0.0550769060602629 0.108001884284303 -0.0332058455342851
-0.03884366531564 -0.00689489098159317 -0.0845958379268297 0.103272192456618 -0.038530831632961 -0.0559117452088951 -0.0766098674144499 0.0751147112958034
0.0692432202126481 0.007207928063302 -0.0010097774396714 -0.038530831632961 0.0516755087771392 0.0539192421063152 0.053683882164465 -0.00837202252733141
0.0557696018770143 0.0222214707694238 0.0550769060602629 -0.0559117452088951 0.0539192421063152 0.0350387973788844 0.0656250105053451 -0.0190751935681212
0.044147253313719 0.039098060360779 0.108001884284303 -0.0766098674144499 0.053683882164465 0.0656250105053451 0.105516122288476 -0.0575447556961984
-0.0213100496851712 0.0303964934047096 -0.0332058455342851 0.0751147112958034 -0.00837202252733141 -0.0190751935681212 -0.0575447556961984 0.056371465096725
