0.0807536343156671 -0.0666153630049447 -0.0688228383919639 -0.0338572863860043 0.111255861532112 0.0641837035774914 -0.0301604130889738 -0.0874858386140642
-0.0666153630049447 0.101459249150304 0.109935867516911 0.020416272720486 -0.0204409197185425 -0.00887908815611797 0.0787710100129149 0.0828324168767714
-0.0688228383919639 0.109935867516911 0.124196499115294 0.026799879514289 -0.0452350783627318 -0.0173458663777853 0.118499723622258 0.100336540391483
-0.0338572863860043 0.020416272720486 0.026799879514289 0.166904434682062 -0.0625774120924421 -0.0204000006054629 0.0155158112603485 0.0845666192896149
0.111255861532112 -0.0204409197185425 -0.0452350783627318 -0.0625774120924421 0.117664446736117 0.0671540750561039 0.00519421165986212 -0.0861242472402394
0.0641837035774914 -0.00887908815611797 -0.0173458663777853 -0.0204000006054629 0.0671540750561039 0.012756297996217 -0.0356201099561575 -0.0525546522218625
-0.0301604130889738 0.0787710100129149 0.118499723622258 0.0155158112603485 0.00519421165986213 -0.0356201099561575 0.045108434957125 0.0663929400736954
-0.0874858386140642 0.0828324168767714 0.100336540391483 0.0845666192896149 -0.0861242472402394 -0.0525546522218625 0.0663929400736954 0.0859969125289282
