0.0759831286147667 -0.0636788773629751 -0.0908504455288214 -0.0350264016432294 0.0593533402579315 0.0194064568067312 -0.0359887559538058 -0.0422336001502263
-0.0636788773629751 0.0972015496880482 0.129353581745303 0.0159071706452849 -0.0231622077254048 0.0323182778751061 0.0740019711230473 0.0327364292860955
-0.0908504455288214 0.129353581745303 0.150397116828195 0.00637598975356265 -0.054982712747786 0.0262535284866485 0.0933620311039927 0.0191888645180981
-0.0350264016432294 0.0159071706452849 0.00637598975356265 0.045081941607143 0.00376740453861082 -0.0382372047881512 -0.0139805359357862 0.0488246587510394
0.0593533402579315 -0.0231622077254048 -0.054982712747786 0.00376740453861083 0.0467527057740971 0.0292380887847295 0.016792916761886 -0.0261472531039002
0.0194064568067312 0.0323182778751061 0.0262535284866485 -0.0382372047881512 0.0292380887847295 0.0133830694461696 0.0551329500917063 -0.0197475685776576
-0.0359887559538058 0.0740019711230473 0.0933620311039927 -0.0139805359357862 0.016792916761886 0.0551329500917063 0.0329484276776689 -0.00737726102074478
-0.0422336001502263 0.0327364292860955 0.0191888645180981 0.0488246587510394 -0.0261472531039002 -0.0197475685776576 -0.00737726102074478 0.0522779638668511
