0.102774110951088 -0.0974755208573223 -0.035810905601529 -0.0276111750102193 0.108507776920748 0.0407307934329226 0.0633913548984995 -0.129203502451964
-0.0974755208573223 0.113965850661014 0.0785849553867005 0.0311655467842767 -0.0904148831601055 -0.021842108586463 -0.0525956494010631 0.14903095170273
-0.035810905601529 0.0785849553867005 0.100297261477864 0.0237770767395616 -0.0670842633803071 0.0131247351251856 0.102113810082053 0.0589419925820634
-0.0276111750102193 0.0311655467842767 0.0237770767395616 0.0802873199826818 -0.0393788439876559 -0.0194540061761482 0.0219718285489881 0.0830063784173546
0.108507776920748 -0.0904148831601055 -0.0670842633803071 -0.0393788439876558 0.026953523415202 0.0410204920801838 0.0386927616654455 -0.123720465598437
0.0407307934329226 -0.021842108586463 0.0131247351251856 -0.0194540061761482 0.0410204920801838 -0.0295145984215614 0.0153862599947123 -0.0450101163725536
0.0633913548984995 -0.052595649401063 0.102113810082053 0.0219718285489881 0.0386927616654455 0.0153862599947123 0.208475157012828 -0.103084650625049
-0.129203502451964 0.14903095170273 0.0589419925820634 0.0830063784173546 -0.123720465598437 -0.0450101163725536 -0.103084650625049 0.197146596139401
