0.0655246231127899 -0.0517780316671669 -0.0312666133725125 -0.038362859180298 0.067177047375051 0.052815975043578 0.0163678028664787 -0.0333942218494723
-0.0517780316671669 0.0754439527183755 0.0467064850930524 0.0215553707018723 -0.0669721416340271 -0.0152095666083184 -0.0386241265416381 0.0437857375210517
-0.0312666133725125 0.0467064850930524 0.0261966588770052 0.0148056349323244 -0.0468092765302673 -0.00226779698875292 -0.00178504352165246 0.0110627748289191
-0.038362859180298 0.0215553707018723 0.0148056349323244 0.0423289940139903 -0.0248024083732323 -0.0511884669742373 0.00349999686130752 0.0495121923120641
0.067177047375051 -0.0669721416340271 -0.0468092765302673 -0.0248024083732323 0.0219965866166747 0.0652059147841212 0.0671514430550184 -0.0436883106903226
0.052815975043578 -0.0152095666083184 -0.00226779698875292 -0.0511884669742373 0.0652059147841212 0.0619332540579956 -0.00236759107340779 -0.0231218677111249
0.0163678028664787 -0.0386241265416381 -0.00178504352165245 0.00349999686130752 0.0671514430550184 -0.00236759107340779 0.0776731609030712 -0.0621471376900552
-0.0333942218494723 0.0437857375210517 0.0110627748289191 0.0495121923120641 -0.0436883106903226 -0.0231218677111249 -0.0621471376900552 0.0627147029260334
