0.125589626731176 -0.100630131849336 -0.107977646614123 -0.0507838660564208 0.0893390753519505 0.0391411882942556 0.0185656662294005 -0.0803883088749365
-0.100630131849336 0.106126473246415 0.122657708667633 0.0491345789337393 -0.0658159970794984 -0.00778999172196054 0.0163565010792615 0.0722697839268216
-0.107977646614123 0.122657708667633 0.150252572740594 0.0665453057215826 -0.0420258709355687 0.00520496538878899 0.10753648634616 0.0760544432955247
-0.0507838660564208 0.0491345789337393 0.0665453057215825 0.0978865213956953 -0.0225934021026721 -0.0386252148263268 0.0479496005034251 0.0697048528902732
0.0893390753519505 -0.0658159970794984 -0.0420258709355687 -0.0225934021026721 0.016779437708659 0.0448412493525519 0.0911340376742117 -0.0609069500276156
0.0391411882942556 -0.00778999172196054 0.00520496538878899 -0.0386252148263268 0.0448412493525519 -0.0102273387045237 0.0344489454095886 -0.015864509350202
0.0185656662294005 0.0163565010792616 0.10753648634616 0.0479496005034251 0.0911340376742117 0.0344489454095886 0.146586980275777 -0.0221157120162889
-0.0803883088749365 0.0722697839268216 0.0760544432955247 0.0697048528902732 -0.0609069500276156 -0.015864509350202 -0.0221157120162889 0.0652950077738849
