0.0742512177209682 -0.0478082604365041 -0.0312044273395298 -0.0392416878683931 0.0617154128162856 0.01203851142537 -0.0516715180635438 -0.062417055354834
-0.0478082604365041 0.092632965038499 0.067522320693737 0.0418448519054455 -0.0783391763980622 0.00909781049724814 0.0488858470062331 0.0456113093135417
-0.0312044273395298 0.067522320693737 0.0870118741576471 0.00671733483326734 -0.0264030433667972 0.0117134764039934 0.0877210830720776 0.0692149785057923
-0.0392416878683931 0.0418448519054455 0.00671733483326734 0.0288727837764861 -0.0166587064518908 -0.0114328359738823 0.0291277296579574 0.0370354121331405
0.0617154128162856 -0.0783391763980622 -0.0264030433667972 -0.0166587064518908 0.0558558242176027 0.0311902659587842 -0.0547312631445456 0.00612127565841753
0.01203851142537 0.00909781049724814 0.0117134764039934 -0.0114328359738823 0.0311902659587842 -0.0262596383484891 -0.0150113821398696 0.0228783179912796
-0.0516715180635438 0.0488858470062331 0.0877210830720776 0.0291277296579574 -0.0547312631445456 -0.0150113821398696 0.107398302453874 0.068270628151311
-0.062417055354834 0.0456113093135417 0.0692149785057923 0.0370354121331405 0.00612127565841753 0.0228783179912796 0.068270628151311 0.0919547921809127
