0.0444836164910062 -0.0353265686209295 -0.043746315246029 0.00253201242689767 0.0637195719445155 0.019373356614812 0.0433390963877837 -0.0426596927978644
-0.0353265686209295 0.0422834338959484 0.0445947952612337 0.0118737163369599 -0.0261578619236168 -0.0106973091141348 -0.0210753421180451 0.0453903129703343
-0.043746315246029 0.0445947952612337 0.0757708910819233 -0.0033736175985316 -0.0274536428229835 0.000514234468590117 0.00950505155594952 0.0518433344275745
0.00253201242689767 0.0118737163369599 -0.0033736175985316 0.0468811115717446 0.0200051919012398 -0.00171558347920062 0.0450788368545152 0.0361626301073981
0.0637195719445155 -0.0261578619236168 -0.0274536428229835 0.0200051919012398 -0.0056576780452003 0.0227812664533584 0.109678962352143 -0.0395486293689562
0.019373356614812 -0.0106973091141348 0.000514234468590119 -0.00171558347920062 0.0227812664533585 -0.00855605642008387 0.0121483057433099 -0.0243478684380888
0.0433390963877837 -0.0210753421180451 0.00950505155594952 0.0450788368545152 0.109678962352143 0.0121483057433099 0.104094858051231 -0.0287041307765346
-0.0426596927978644 0.0453903129703343 0.0518433344275745 0.0361626301073981 -0.0395486293689562 -0.0243478684380888 -0.0287041307765346 0.0465580475946337
