0.0676827963489248 -0.0831150951401957 -0.024732500234258 -0.035018569354062 0.120444258795258 0.0155404053023178 0.0512492883387246 -0.0269793134683198
-0.0831150951401957 0.122932571904753 0.0656957235089921 0.0180215472798868 -0.10065632200359 0.0190418244094497 -0.0531472316995937 0.0572434519514258
-0.024732500234258 0.0656957235089921 0.0974555223825945 -0.0120292883752361 -0.0425564603321969 0.0366013106309814 0.0176472453499864 0.0101311453443149
-0.035018569354062 0.0180215472798868 -0.0120292883752361 0.074000590207865 -0.0513051383711375 -0.013395446251463 -0.00015761732523842 0.0395496728566912
0.120444258795258 -0.10065632200359 -0.0425564603321968 -0.0513051383711375 0.0915005336974174 0.0265015151589931 0.104129926396025 -0.0264792872091387
0.0155404053023178 0.0190418244094497 0.0366013106309814 -0.013395446251463 0.0265015151589931 0.00477127773619634 0.0111506474802638 0.011217046178085
0.0512492883387246 -0.0531472316995937 0.0176472453499864 -0.000157617325238419 0.104129926396025 0.0111506474802638 0.0280325673014483 -0.0133543528664677
-0.0269793134683198 0.0572434519514258 0.0101311453443149 0.0395496728566912 -0.0264792872091387 0.011217046178085 -0.0133543528664677 0.0285494400782978
