0.0956028564139173 -0.0576008073995479 -0.124090471073362 0.00231929620323759 0.111044356232317 0.0465843453781276 0.0481181730734172 -0.0791135989359989
-0.0576008073995479 0.0452184504084263 0.104871784239217 -0.00773970049071052 -0.0153049011742516 0.0161575103398226 0.0192551573521425 0.0111066201050017
-0.124090471073362 0.104871784239217 0.147117169296909 -0.00343234213223357 -0.0502421784510878 0.00501502105945202 0.0610992701707021 0.0768429268258441
0.00231929620323759 -0.00773970049071052 -0.00343234213223356 -0.0100672254509239 -0.0144575241530758 -0.00394458414720421 -0.0211350744531102 -0.0166846034088423
0.111044356232317 -0.0153049011742516 -0.0502421784510878 -0.0144575241530758 0.0946410729101923 0.0383843516249915 0.282199602407214 -0.0311897076308619
0.0465843453781276 0.0161575103398225 0.00501502105945203 -0.00394458414720421 0.0383843516249915 0.0303285645545105 0.0155841680262848 -0.0212007396931247
0.0481181730734172 0.0192551573521425 0.061099270170702 -0.0211350744531102 0.282199602407214 0.0155841680262848 0.406584107933583 -0.0236391973316379
-0.0791135989359989 0.0111066201050017 0.0768429268258441 -0.0166846034088423 -0.0311897076308619 -0.0212007396931247 -0.0236391973316379 0.101741443131421
