0.020846846006799 -0.0142338996030379 -0.0184646367819699 -0.0151266376188593 0.0366639611966655 0.00219833952542698 0.00119042537720768 -0.0251561320522523
-0.0142338996030379 0.045809201644207 0.0655599491161153 0.0142346673166697 -0.0209636855063657 0.0291570726608291 0.0335760367453783 0.0371524848996787
-0.0184646367819699 0.0655599491161153 0.0569691211478631 0.0116383371966086 -0.0377931288066586 0.0317494972270264 0.0523038706532516 0.0201025001343991
-0.0151266376188593 0.0142346673166697 0.0116383371966086 0.0516043913293819 -0.00202345018802723 -0.0119773269226587 -0.0296003533307399 0.0504066783801764
0.0366639611966655 -0.0209636855063657 -0.0377931288066586 -0.00202345018802723 -0.0408251382082103 -0.0162017349778597 0.0235903165003243 -0.0127426314933463
0.00219833952542698 0.0291570726608291 0.0317494972270264 -0.0119773269226587 -0.0162017349778597 0.00795820608317659 0.000935515201249411 0.0180515846005923
0.00119042537720768 0.0335760367453783 0.0523038706532516 -0.0296003533307399 0.0235903165003243 0.000935515201249411 0.181218707490714 -0.0177030308883889
-0.0251561320522523 0.0371524848996787 0.0201025001343991 0.0504066783801764 -0.0127426314933463 0.0180515846005923 -0.0177030308883889 0.0538982066280584
