0.0883283882494688 -0.0404120093749902 -0.0143693143660967 0.0159288476505414 0.0900305218538391 0.0436693840477059 0.0717898865122252 -0.0190082068590865
-0.0404120093749902 0.0854035606066711 0.124475328855897 -0.0858443492919745 -0.0185365854187438 0.0542945301094207 0.0217451043537722 -0.01411010726378
-0.0143693143660967 0.124475328855897 0.203321931708639 -0.141767665458911 0.00744105324561114 0.127956525192634 0.123576312108946 -0.0440314765131337
0.0159288476505414 -0.0858443492919745 -0.141767665458911 0.11434428560641 -0.0119351611418033 -0.0816219971806935 -0.0622155710273761 0.0632136417141334
0.0900305218538391 -0.0185365854187438 0.00744105324561114 -0.0119351611418033 -0.00504732491307291 0.0479503124713878 0.0635508095734019 -0.013243329895945
0.0436693840477059 0.0542945301094207 0.127956525192634 -0.0816219971806935 0.0479503124713878 0.0533676902518011 0.0931135126036463 -0.0532685127114197
0.0717898865122252 0.0217451043537722 0.123576312108946 -0.0622155710273761 0.0635508095734019 0.0931135126036463 0.185610900025644 -0.0864756226251453
-0.0190082068590865 -0.01411010726378 -0.0440314765131337 0.0632136417141334 -0.013243329895945 -0.0532685127114197 -0.0864756226251453 0.0630777994514062
