0.0396539964187104 -0.0295386494974692 -0.039136065677214 -0.0345266384015994 0.0517712367170656 0.0192183477182171 0.0409726135005462 -0.0564492482369343
-0.0295386494974692 0.0499690342590668 0.0806602218671057 0.0127420655776335 -0.00298927530792657 0.0172361007104766 0.0212731956882406 0.0547987353806214
-0.039136065677214 0.0806602218671057 0.115803715408761 0.0208481981607015 -0.0231639415150459 0.0381813477404629 0.033971313599362 0.079652400664069
-0.0345266384015994 0.0127420655776335 0.0208481981607015 0.0467856716217627 -0.0377080140211428 -0.00818993502488878 -0.0185811621905317 0.0453761787212567
0.0517712367170656 -0.00298927530792657 -0.0231639415150459 -0.0377080140211428 -0.0117321338056653 0.0133423384829674 0.0423752567916282 -0.0274606878212893
0.0192183477182171 0.0172361007104766 0.0381813477404629 -0.00818993502488878 0.0133423384829674 -0.00367146482015608 0.0166596444776002 0.0102688119486413
0.0409726135005462 0.0212731956882406 0.033971313599362 -0.0185811621905317 0.0423752567916282 0.0166596444776002 0.114566409868328 -0.033855469744542
-0.0564492482369343 0.0547987353806214 0.079652400664069 0.0453761787212567 -0.0274606878212893 0.0102688119486413 -0.033855469744542 0.0759670830042116
