0.0557260886699188 -0.0511594136899802 -0.0295259897406898 -0.0351760603167689 0.0650898799987905 0.0352650798993321 0.0223196035755287 -0.042305823116914
-0.0511594136899802 0.100122805327001 0.0726654735433942 0.0436201357236668 -0.0332843145317374 0.0107682190129043 0.0185769542754321 0.00833323010591624
-0.0295259897406898 0.0726654735433942 0.0554100312480139 0.011223181036955 0.0103399525866872 0.0163087395236723 0.0349435950287553 0.019491345633647
-0.0351760603167689 0.0436201357236668 0.011223181036955 0.103808701116246 -0.0242047731457657 -0.068863584604191 -0.0145907609958923 0.0198507656111889
0.0650898799987905 -0.0332843145317374 0.0103399525866872 -0.0242047731457657 -0.00818769632657079 0.0238130794074835 0.0561308028260518 0.00257315224479593
0.0352650798993321 0.0107682190129043 0.0163087395236723 -0.068863584604191 0.0238130794074835 0.0223638811202979 -0.00774976325002678 -0.00583312057838164
0.0223196035755287 0.0185769542754321 0.0349435950287553 -0.0145907609958923 0.0561308028260518 -0.00774976325002678 0.0642069970241051 -0.0134672930205126
-0.042305823116914 0.00833323010591625 0.019491345633647 0.0198507656111889 0.00257315224479594 -0.00583312057838164 -0.0134672930205126 0.0672380012992698
