0.125591904854657 -0.0749686154611834 -0.0494473377493301 -0.0505817592201503 0.113495307858123 0.0358648992898737 0.060230816773014 -0.0308132591346845
-0.0749686154611834 0.112240321799013 0.115818754466769 0.00400218433294776 -0.0199943494008339 0.0346441896794221 0.0158724853903138 0.075015022393032
-0.0494473377493301 0.115818754466769 0.123049050266952 -0.0171666841393593 -0.0595705964203381 0.0379055750751633 0.0657153009348088 0.0330428575982825
-0.0505817592201503 0.00400218433294776 -0.0171666841393593 0.0656689653175925 -0.0460604896514691 -0.0371961997360747 -0.0572167668616349 0.0456628108925701
0.113495307858123 -0.0199943494008339 -0.0595705964203381 -0.0460604896514691 0.0493496403619556 0.0537532114632488 0.0689013825138518 0.0174830968436539
0.0358648992898737 0.0346441896794221 0.0379055750751633 -0.0371961997360747 0.0537532114632488 0.00173538694656656 0.0309600416255578 0.0194012877602532
0.060230816773014 0.0158724853903138 0.0657153009348088 -0.0572167668616349 0.0689013825138518 0.0309600416255578 0.0807614196764415 0.00243425275406619
-0.0308132591346845 0.075015022393032 0.0330428575982825 0.0456628108925701 0.0174830968436539 0.0194012877602532 0.00243425275406619 0.0526693800589505
