0.0583116498016349 -0.0275794158510109 -0.00247519565805403 0.00168752298568739 0.0902748774058628 0.0315458289734741 0.0680302853739297 -0.027182031515423
-0.0275794158510109 0.0713789127510228 0.0725479255866679 -0.0199736072245928 -0.0225883126230775 0.0438164953090691 0.0321191371169544 0.0184023073386362
-0.00247519565805403 0.0725479255866679 0.0441208717305747 -0.0133656776617223 0.0198558774568452 0.0648164316625863 0.0675697814330136 0.0106711307397474
0.0016875229856874 -0.0199736072245928 -0.0133656776617223 0.0726153525487235 -0.00914756890999451 -0.0673552821065448 -0.0127735554121951 0.0399043787322152
0.0902748774058628 -0.0225883126230775 0.0198558774568453 -0.00914756890999451 0.076860543957441 0.0659594153596528 0.176897914998113 -0.0396426364289751
0.0315458289734741 0.0438164953090691 0.0648164316625863 -0.0673552821065448 0.0659594153596528 0.0851176905986725 0.0534904284032254 -0.00269585937345888
0.0680302853739297 0.0321191371169544 0.0675697814330136 -0.0127735554121951 0.176897914998113 0.0534904284032254 0.202866239067789 -0.0443780857780864
-0.027182031515423 0.0184023073386362 0.0106711307397474 0.0399043787322152 -0.0396426364289751 -0.00269585937345888 -0.0443780857780864 0.0139780999103561
