0.0900075023870656 -0.0900523395113724 -0.0519656947929324 -0.0529933940919012 0.129775550299813 0.0391544805166167 -0.0245486318575044 -0.110486203791703
-0.0900523395113724 0.141583203636947 0.0944589698218789 0.0571181264852498 -0.0905568349795177 -0.0163761016042704 0.0920581323598301 0.136208410931869
-0.0519656947929324 0.0944589698218789 0.046255489959464 0.0283467263675052 -0.0489884528548172 0.00133274178515959 0.0755541365417522 0.065877315303308
-0.0529933940919012 0.0571181264852498 0.0283467263675052 0.164939332107767 -0.0700649834203482 -0.0590962904683076 0.0317881655137383 0.132436891845632
0.129775550299813 -0.0905568349795177 -0.0489884528548172 -0.0700649834203482 0.0747212052699313 0.0511860485526806 0.0168026996491701 -0.152210756498803
0.0391544805166167 -0.0163761016042704 0.0013327417851596 -0.0590962904683076 0.0511860485526806 0.0230502707113075 -0.0666582131637688 -0.046161749994327
-0.0245486318575044 0.0920581323598301 0.0755541365417522 0.0317881655137383 0.01680269964917 -0.0666582131637688 0.108319925239323 0.0356292632069535
-0.110486203791703 0.136208410931869 0.065877315303308 0.132436891845632 -0.152210756498803 -0.046161749994327 0.0356292632069535 0.193560038903957
