0.066740494973135 -0.0632185016477009 -0.0153638552666262 -0.0037796755727322 0.0846578979058711 0.0361854376749683 0.0745196230663701 -0.0259053037921282
-0.0632185016477009 0.0673425293456425 0.0442355115668427 -0.0086211351059122 -0.0484852351625194 -0.0163814166386441 -0.0706227828310266 0.0294765319375045
-0.0153638552666262 0.0442355115668427 0.0286273782942925 0.00811035558226984 -0.024152559310157 -0.0174473274946102 -0.00314567650928593 0.0141897829486279
-0.0037796755727322 -0.00862113510591221 0.00811035558226984 0.0848506304531027 0.01254445455673 -0.0285452797226224 0.0518439577265186 0.0518516505347643
0.0846578979058711 -0.0484852351625194 -0.024152559310157 0.01254445455673 0.0796562547665583 0.0414378235778781 0.0856230934187064 0.0175786645986744
0.0361854376749683 -0.0163814166386441 -0.0174473274946102 -0.0285452797226224 0.0414378235778781 0.0137375905031987 0.0205710785971134 -0.0106675300704138
0.0745196230663701 -0.0706227828310266 -0.00314567650928594 0.0518439577265186 0.0856230934187064 0.0205710785971134 0.193680959235809 0.0038075626323767
-0.0259053037921282 0.0294765319375045 0.0141897829486279 0.0518516505347643 0.0175786645986744 -0.0106675300704138 0.0038075626323767 0.0511172618348431
