0.0638485708553961 -0.0639589816570711 -0.0737414122599371 -0.0128718334946753 0.0886325127245949 0.0137199379055568 -0.0264841324674375 -0.0742744266378501
-0.0639589816570711 0.0744625833745951 0.0989503482174923 0.0145689898044732 -0.0534097980989526 0.0125288421235211 0.0478090653387262 0.0621893864730056
-0.0737414122599371 0.0989503482174923 0.108371487494855 0.0130421191870304 -0.0639200475198392 0.0282893849524034 0.0603800184426375 0.0743059082043558
-0.0128718334946753 0.0145689898044732 0.0130421191870304 0.0648464936498687 -0.024665798385538 -0.0462183395098838 0.0261853001925212 0.0546730140405533
0.0886325127245949 -0.0534097980989526 -0.0639200475198392 -0.024665798385538 0.0270319696777789 0.00455277472410789 0.0444578767662943 -0.0896437354111493
0.0137199379055568 0.0125288421235211 0.0282893849524034 -0.0462183395098838 0.00455277472410789 0.0348491845936342 -0.0599115108324342 -0.0170924046294132
-0.0264841324674375 0.0478090653387262 0.0603800184426375 0.0261853001925212 0.0444578767662943 -0.0599115108324342 0.163092675222823 -0.00386601004128746
-0.0742744266378501 0.0621893864730056 0.0743059082043558 0.0546730140405533 -0.0896437354111493 -0.0170924046294132 -0.00386601004128745 0.0737574811465195
