0.0362624079545949 -0.0394397262322429 -0.0231091633692844 -0.0210088870939442 0.0582490543585316 0.00594988817843953 0.030186508866268 -0.0364998424917364
-0.0394397262322429 0.0629070271834715 0.0429678735656579 0.0323880039786408 -0.0494885978376416 -0.00162828302145026 0.000973321402128809 0.0777216638763383
-0.0231091633692844 0.0429678735656579 0.0358094171399189 0.00300184574980856 -0.0629182929098781 -0.00577310654146457 0.0320967463151636 0.0274955590932159
-0.0210088870939442 0.0323880039786408 0.00300184574980856 0.0448283064826858 -0.0355980578705663 0.00186626715526189 -0.0259790072364657 0.060541811511072
0.0582490543585316 -0.0494885978376416 -0.0629182929098781 -0.0355980578705663 0.0479370370615887 0.00495917973017764 0.048575519607701 -0.0750455824620375
0.00594988817843953 -0.00162828302145026 -0.00577310654146457 0.00186626715526189 0.00495917973017764 0.014511668873773 -0.0307786537888761 -0.0104910540583559
0.030186508866268 0.000973321402128812 0.0320967463151636 -0.0259790072364657 0.048575519607701 -0.0307786537888761 0.0491872379343355 -0.0299427903250507
-0.0364998424917364 0.0777216638763383 0.0274955590932159 0.060541811511072 -0.0750455824620375 -0.0104910540583559 -0.0299427903250507 0.109751530522414
