0.0315661082773674 -0.0403455476893743 -0.0182257678403817 -0.031336509165071 -0.0155257242917066 0.0448264953891378 -0.0090157810051772 -0.0255841880614198
-0.0403455476893743 0.0644862409848505 0.0598238149090646 0.0424041574850095 0.0181696481201327 -0.0189262849986998 0.0225666752681358 0.0535832531008759
-0.0182257678403817 0.0598238149090646 0.0675931996791818 -0.0123592811752792 0.0137790886799385 0.0124757884148184 0.0704760701232868 0.046790580243278
-0.031336509165071 0.0424041574850095 -0.0123592811752792 0.060853865416736 0.0237188215741785 -0.0459250752060588 7.89134463468221e-05 0.0539426496799199
-0.0155257242917066 0.0181696481201327 0.0137790886799385 0.0237188215741785 -0.0495576719336676 -0.0170977526856081 0.0270972351350742 0.00669175657734084
0.0448264953891378 -0.0189262849986998 0.0124757884148184 -0.0459250752060588 -0.0170977526856081 0.019435513804405 -0.0262699359050182 -0.0265221099050351
-0.0090157810051772 0.0225666752681358 0.0704760701232868 7.8913446346826e-05 0.0270972351350742 -0.0262699359050182 0.129206004740944 0.0246549612616216
-0.0255841880614198 0.0535832531008759 0.046790580243278 0.0539426496799199 0.00669175657734084 -0.0265221099050351 0.0246549612616216 0.0390198680661261
