0.0525697423700645 -0.0326668714321779 0.00750277326895793 0.0106981871077455 0.0477859772578368 -0.00637715010758577 0.0400080973105029 -0.0315363589012846
-0.0326668714321779 0.0569969011982083 0.0184304757375673 -0.0134177109743118 0.0143539442956355 0.0180322754215687 0.0119996485668271 0.0169592822650678
0.00750277326895793 0.0184304757375673 0.0159094518982837 -0.0341954991173887 -0.0058101089574801 0.0203238742905114 0.0150876420893199 -0.006726762334473
0.0106981871077455 -0.0134177109743118 -0.0341954991173887 0.0488228547799896 -0.00751884894520407 -0.0154377369957896 -0.0113529741285902 0.0261969554245801
0.0477859772578368 0.0143539442956355 -0.0058101089574801 -0.00751884894520407 -0.0176095361201578 0.0139254587696034 0.0746443929236939 -0.0329716650246201
-0.00637715010758577 0.0180322754215687 0.0203238742905114 -0.0154377369957896 0.0139254587696034 0.0048683040145939 -0.0022249802218282 0.00356951598635343
0.0400080973105029 0.0119996485668271 0.0150876420893199 -0.0113529741285902 0.0746443929236939 -0.00222498022182819 0.0563652621538649 -0.0319478626310062
-0.0315363589012846 0.0169592822650678 -0.006726762334473 0.0261969554245801 -0.0329716650246201 0.00356951598635343 -0.0319478626310062 0.000330484264257529
