0.112450933435501 -0.0784331428161172 -0.102333701812724 0.017198572297801 0.0493619452973417 0.0520461598831061 0.00431647684851086 -0.0485925172134267
-0.0784331428161172 0.0670429553001852 0.105463819396361 -0.0298178721411777 -0.00379976416896539 -0.0202735886164488 0.0184738023466488 0.0247988747768488
-0.102333701812724 0.105463819396361 0.129099356390836 -0.0400312127613765 -0.0118625282579439 -0.00335536644496226 0.0336432383525053 0.0371206620655899
0.017198572297801 -0.0298178721411777 -0.0400312127613765 0.0658718563359068 -0.0256907741632185 -0.00740758569053363 -0.0234565131746129 0.048689485743629
0.0493619452973417 -0.00379976416896539 -0.0118625282579439 -0.0256907741632185 0.0406122488198185 0.0181949595610086 0.110668806743712 -0.0334226356767241
0.0520461598831061 -0.0202735886164488 -0.00335536644496227 -0.00740758569053363 0.0181949595610086 0.00522083554687073 -0.00202782594122267 -0.00333793914631424
0.00431647684851086 0.0184738023466488 0.0336432383525053 -0.0234565131746129 0.110668806743712 -0.00202782594122267 0.0856165649524778 -0.00661429961717329
-0.0485925172134267 0.0247988747768488 0.0371206620655899 0.048689485743629 -0.0334226356767241 -0.00333793914631424 -0.00661429961717329 0.0234584649305003
