0.0915547932925793 -0.0429429386158377 -0.030288952561255 -0.0423969618144076 0.0836031119996566 0.0612239385389164 0.0204428001840528 -0.0590406758370442
-0.0429429386158377 0.182963201369146 0.133678632617355 0.0594757882995278 -0.0209521311288104 0.0538467851083112 0.104457830170069 0.123869976457536
-0.030288952561255 0.133678632617355 0.0962977640769632 0.0510343318340726 -0.0449503442278722 0.0147338197531328 0.0561386204565702 0.0929317281003443
-0.0423969618144076 0.0594757882995278 0.0510343318340726 0.118691667343386 -0.0663018846139258 -0.0441741359303147 -0.0249555666576236 0.0662936498415953
0.0836031119996566 -0.0209521311288104 -0.0449503442278721 -0.0663018846139258 -0.0334891575372836 0.050818384469724 0.0703424295782206 -0.0146818191524489
0.0612239385389164 0.0538467851083112 0.0147338197531328 -0.0441741359303147 0.050818384469724 -0.00615721168823829 0.0221995192730676 0.0136582216956033
0.0204428001840528 0.104457830170069 0.0561386204565702 -0.0249555666576236 0.0703424295782206 0.0221995192730676 0.175873684564436 0.0926788502904695
-0.0590406758370442 0.123869976457536 0.0929317281003443 0.0662936498415953 -0.0146818191524489 0.0136582216956033 0.0926788502904695 0.178005265128369
