0.127649759602453 -0.069560643236741 -0.0452915852114888 -0.0487256727694808 0.135686662645354 0.0620424408735958 0.0754191489999777 -0.0972829787212755
-0.069560643236741 0.0640524461928462 0.0543126508300416 0.0312059247357944 -0.0483398690421011 -0.0386099531939769 -0.0283678355110085 0.0600025582475099
-0.0452915852114888 0.0543126508300416 0.0495089131324922 0.0105562812327454 -0.0554987304382832 -0.0184419392550534 0.0184404887488204 0.0458560389983235
-0.0487256727694808 0.0312059247357944 0.0105562812327454 0.0185233056761571 -0.0368463037424694 -0.033324257890626 -0.0155685834955894 0.0640708510689232
0.135686662645354 -0.0483398690421011 -0.0554987304382832 -0.0368463037424694 0.105602759402077 0.0305063040467941 0.123988675946324 -0.0986924219000188
0.0620424408735958 -0.0386099531939769 -0.0184419392550534 -0.033324257890626 0.0305063040467941 -0.00608299397395537 0.00604049385053348 -0.0430765899753258
0.0754191489999777 -0.0283678355110085 0.0184404887488204 -0.0155685834955894 0.123988675946324 0.00604049385053348 0.079587959066908 -0.0390716833803008
-0.0972829787212755 0.0600025582475099 0.0458560389983235 0.0640708510689232 -0.0986924219000187 -0.0430765899753258 -0.0390716833803008 0.0964821566683197
