0.0585519905455201 -0.0660568085869175 -0.0499299336038676 -0.0426291530021549 0.0749541740076656 0.0393163330624599 0.0105674808686694 -0.098234596580883
-0.0660568085869175 0.0690997566746182 0.0566356954737115 0.0382482428980602 -0.0567937169290779 -0.0127427854282796 -0.0154896327704393 0.114772108848926
-0.0499299336038676 0.0566356954737115 0.0707571308708019 0.0100639848905503 -0.026310735209179 0.0113493106996432 -0.00105177150286153 0.0675042918905497
-0.0426291530021549 0.0382482428980602 0.0100639848905503 0.0956506274987902 -0.0163261189523605 -0.0312500903871749 -0.00813441895172441 0.0772760625697822
0.0749541740076656 -0.0567937169290779 -0.026310735209179 -0.0163261189523605 0.109166686834406 0.0372143039261717 0.04890410244779 -0.0853714097150599
0.0393163330624599 -0.0127427854282796 0.0113493106996432 -0.0312500903871749 0.0372143039261717 -0.0100754752163493 -0.00424084109737307 -0.0319440229770522
0.0105674808686694 -0.0154896327704393 -0.00105177150286154 -0.00813441895172441 0.04890410244779 -0.00424084109737308 0.0140030696109523 -0.0505551304664847
-0.098234596580883 0.114772108848926 0.0675042918905497 0.0772760625697822 -0.0853714097150599 -0.0319440229770522 -0.0505551304664847 0.130750561741345
