0.0487256053052261 -0.00972261785436383 -0.0187485401801816 -0.0329373324387066 0.0507222600346373 0.0169065106676215 0.0308403046731731 -0.043240679283446
-0.00972261785436383 0.0337313641408133 0.0515612622985457 0.0251353970891911 -0.0100551475593406 -0.00406906507400467 0.00850126804343769 0.0312930386489053
-0.0187485401801816 0.0515612622985457 0.0383346265298823 0.0275017909067229 -0.0217887024163202 -0.01788782620991 0.0262779596197486 0.0269372518701989
-0.0329373324387066 0.0251353970891911 0.0275017909067229 0.0921374763357697 -0.0547397936330935 -0.0232128237946201 -0.0244248513468479 0.0855121907000042
0.0507222600346373 -0.0100551475593406 -0.0217887024163202 -0.0547397936330935 0.00564861346608387 0.00188810091950516 0.0623485713872554 -0.0377652190820421
0.0169065106676215 -0.00406906507400467 -0.01788782620991 -0.0232128237946201 0.00188810091950516 0.00226125014991702 -0.0233371040171668 0.00599061880571121
0.0308403046731731 0.00850126804343769 0.0262779596197486 -0.0244248513468479 0.0623485713872554 -0.0233371040171668 -0.0133970147450583 -0.0383364920756162
-0.043240679283446 0.0312930386489053 0.0269372518701989 0.0855121907000042 -0.0377652190820421 0.00599061880571121 -0.0383364920756162 0.0997251793279454
