0.0823979416182571 -0.0463783254899846 -0.0110590481175687 0.0034940151269854 0.137893014247499 0.0367245832946792 0.0197270706858779 -0.0364024219712309
-0.0463783254899846 0.0629045568179598 0.0708041878745085 -0.0320798914687798 -0.0691482522237369 0.0239222452924191 0.00382159853530467 0.0589004430901086
-0.0110590481175687 0.0708041878745085 0.0693833061455842 -0.0598140985354586 -0.0311556776327682 0.0405311233287225 0.0528025705397966 0.0221622161386666
0.0034940151269854 -0.0320798914687798 -0.0598140985354586 0.139437060614661 0.0212068566340611 -0.0823626115974488 0.0193329920857423 0.0625141494125052
0.137893014247499 -0.0691482522237369 -0.0311556776327682 0.0212068566340611 0.17330090469793 0.0465459548511196 0.0294744091621491 -0.0432912081077374
0.0367245832946792 0.0239222452924191 0.0405311233287225 -0.0823626115974488 0.0465459548511196 0.0295946278419794 -0.0141858593439475 -0.0151173967498052
0.0197270706858779 0.00382159853530467 0.0528025705397966 0.0193329920857423 0.0294744091621491 -0.0141858593439475 0.0365743250534792 0.00254387503671648
-0.0364024219712309 0.0589004430901086 0.0221622161386666 0.0625141494125052 -0.0432912081077374 -0.0151173967498051 0.00254387503671648 0.0926064532183915
