0.0694266379570078 -0.0281035071865003 -0.0369168814175581 -0.0146890795195265 0.0654925774603407 0.051449140685903 0.0224107068307235 -0.0242439719557248
-0.0281035071865003 0.0201583617451821 0.0243399886057871 0.00542795209472417 -0.00413621984961938 -0.00621218039970931 0.011318345784283 0.0183183050600949
-0.0369168814175581 0.0243399886057871 0.0342046035067096 0.0104349557743288 -0.0252013968032462 -0.0232042733009644 0.027175353253127 -0.00415589151768309
-0.0146890795195265 0.00542795209472417 0.0104349557743288 0.0130053221216603 -0.00287727151368561 -0.023312583709905 0.0128167313129222 0.00915470337698137
0.0654925774603407 -0.00413621984961939 -0.0252013968032462 -0.00287727151368561 0.0916952083160395 0.0955652182254962 0.0848533722788617 0.00497609491387247
0.051449140685903 -0.0062121803997093 -0.0232042733009644 -0.023312583709905 0.0955652182254962 0.0376667381486973 0.0231805054746054 0.0113869360461212
0.0224107068307235 0.011318345784283 0.0271753532531269 0.0128167313129221 0.0848533722788617 0.0231805054746054 0.0938291462097765 -0.025380521602329
-0.0242439719557248 0.0183183050600949 -0.00415589151768309 0.00915470337698137 0.00497609491387247 0.0113869360461212 -0.025380521602329 0.0340627655313506
