0.0309687105954249 -0.025618466012876 -0.0179006961609043 -0.0239217335150111 0.018696146221205 0.0267505903489423 0.00067883923564042 -0.028191502434248
-0.025618466012876 0.044340315257046 0.0474582924715502 0.0238584263977617 0.00924101545792028 -0.00550428875010787 0.00488964755637002 0.0205445824515173
-0.0179006961609043 0.0474582924715502 0.0398475724613863 0.011971376098802 0.0004679588415159 0.00776864335601425 0.0185247578439164 -0.0115139585816989
-0.0239217335150111 0.0238584263977617 0.011971376098802 0.061218905096199 -0.0256821028859395 -0.0128113234364864 -0.00536854850361075 0.0266869547694535
0.018696146221205 0.00924101545792028 0.000467958841515897 -0.0256821028859395 0.0305739067029966 0.0161804783367333 0.07949841978363 0.00294385512251577
0.0267505903489423 -0.00550428875010787 0.00776864335601425 -0.0128113234364864 0.0161804783367333 -0.00372727476983763 -0.0260110153172875 -0.0183977412794542
0.000678839235640423 0.00488964755637002 0.0185247578439164 -0.00536854850361074 0.07949841978363 -0.0260110153172875 0.0478483040775715 0.00328230512506897
-0.028191502434248 0.0205445824515173 -0.0115139585816989 0.0266869547694535 0.00294385512251577 -0.0183977412794542 0.00328230512506897 0.0134571965716091
