0.0824385245900304 -0.0265379490550607 -0.0189389393213368 -0.0108213449731527 0.0821230272606608 0.0452567183536093 0.0396271890055494 -0.0265733691113755
-0.0265379490550607 0.0349721070947253 0.0394065329659428 0.022778126093828 0.0173439829917433 0.0177339945210359 0.0479641442687926 0.0367759112489595
-0.0189389393213368 0.0394065329659428 0.0778454175920875 -0.0225217026211678 -0.0228165786736055 0.0402975188305619 0.0801626362755675 -0.00849114576878973
-0.0108213449731527 0.022778126093828 -0.0225217026211678 0.0634369814967758 0.0368797995761064 -0.0155994175935144 0.00528060476328664 0.0589721964623703
0.0821230272606608 0.0173439829917433 -0.0228165786736055 0.0368797995761064 0.102767521602945 0.0638184344209725 0.172627752142285 0.0118261376576568
0.0452567183536093 0.0177339945210359 0.0402975188305619 -0.0155994175935144 0.0638184344209725 0.015634591920631 0.0549427954323568 -0.00267981426653314
0.0396271890055494 0.0479641442687926 0.0801626362755675 0.00528060476328664 0.172627752142285 0.0549427954323568 0.196484479706937 -0.0147804051201096
-0.0265733691113755 0.0367759112489595 -0.00849114576878973 0.0589721964623703 0.0118261376576568 -0.00267981426653315 -0.0147804051201096 0.0594106228869997
