0.0557157502004569 -0.054226046318382 -0.0417472801310906 -0.0483916538252972 0.0266977117581209 0.0395540304438682 -0.0213064012328288 -0.0482093682052643
-0.054226046318382 0.0882392854492907 0.093847064971038 0.0565669897289013 -0.0441402741348385 -0.00416804972005345 0.00236470331830715 0.0666497712264578
-0.0417472801310906 0.093847064971038 0.11673596806534 0.0199195307601262 -0.0311526164894705 0.00996312258689844 0.0186647726835232 0.0636676519522149
-0.0483916538252972 0.0565669897289013 0.0199195307601262 0.0860251091378296 -0.0259748600032421 -0.025926509879822 -0.00985716662909657 0.0640935704484176
0.0266977117581209 -0.0441402741348385 -0.0311526164894705 -0.0259748600032421 -0.0288909808206732 -0.00664445815774848 0.0802750700242079 0.00220384801705889
0.0395540304438682 -0.00416804972005345 0.00996312258689844 -0.025926509879822 -0.00664445815774847 -0.00964536463203072 -0.0405708058000551 -0.020686968835526
-0.0213064012328288 0.00236470331830715 0.0186647726835231 -0.00985716662909657 0.0802750700242079 -0.0405708058000551 0.0635600757045244 0.0296582412912819
-0.0482093682052643 0.0666497712264578 0.0636676519522149 0.0640935704484176 0.00220384801705889 -0.020686968835526 0.0296582412912819 0.0729730365305404
