0.0410179367896655 -0.0512746555890248 -0.0620908021558611 -0.0354262506975169 0.0552503259824854 0.0334453337972046 -0.0365711626574956 -0.0358698125562593
-0.0512746555890248 0.0936404939447431 0.109206652327268 0.0266320395160717 -0.0613113233989044 0.0263962452333604 0.0110934501259236 0.0321179869832697
-0.0620908021558611 0.109206652327268 0.121525705062641 0.019064437721887 -0.0603500002607325 0.0301570674314952 0.0438746621157596 0.0378278136847945
-0.0354262506975169 0.0266320395160717 0.019064437721887 0.0874952019158239 -0.0305083204602948 -0.0554688615947558 0.0380562549709311 0.0519002058614931
0.0552503259824854 -0.0613113233989044 -0.0603500002607326 -0.0305083204602948 0.00647878311403442 0.0369420918209194 0.00894068153555137 -0.0274751921635392
0.0334453337972045 0.0263962452333604 0.0301570674314952 -0.0554688615947558 0.0369420918209194 0.0707387649304157 -0.0501018975530755 -0.00983651212161343
-0.0365711626574956 0.0110934501259236 0.0438746621157596 0.0380562549709311 0.00894068153555137 -0.0501018975530755 0.0970537286220648 0.027703638409667
-0.0358698125562593 0.0321179869832697 0.0378278136847945 0.0519002058614931 -0.0274751921635392 -0.00983651212161343 0.027703638409667 0.0292524978956901
