0.0579194755195071 -0.0492821473132283 -0.0326296410500245 -0.0190622250608318 0.100469406559058 0.030385125247641 0.0776890547246752 -0.061450357362882
-0.0492821473132283 0.0847950311647588 0.0882819067357828 0.00739510324713525 -0.0611776850548191 0.00788423420469416 -0.0115182000267425 0.0720933540237456
-0.0326296410500245 0.0882819067357828 0.117374384285181 -0.0202694445561212 -0.0668627070164301 0.0216865761953679 0.0280570111716376 0.0752454956833932
-0.0190622250608318 0.00739510324713525 -0.0202694445561212 0.0468280866219838 -0.0069408771256901 -0.0313915214512109 0.0166473581866048 0.0311827162950484
0.100469406559058 -0.0611776850548191 -0.0668627070164301 -0.00694087712569011 0.0681675854270517 0.0404426920367236 0.118320509813187 -0.0748191779677358
0.030385125247641 0.00788423420469416 0.0216865761953679 -0.0313915214512109 0.0404426920367236 0.0327807396622959 0.0268106468935525 0.00972136939507878
0.0776890547246752 -0.0115182000267425 0.0280570111716376 0.0166473581866048 0.118320509813187 0.0268106468935525 0.142649567868486 -0.0197222802701908
-0.061450357362882 0.0720933540237456 0.0752454956833932 0.0311827162950484 -0.0748191779677358 0.00972136939507878 -0.0197222802701908 0.0829433616375639
