0.0522725278986285 -0.0420684379095548 -0.027698219320441 -0.024016079141136 0.0721534854203402 0.0107865624796571 0.0132675091575496 -0.0611276908331175
-0.0420684379095548 0.0585538520131082 0.0679846908932073 0.0318831941828098 -0.0315614624190999 0.0169229783598096 0.0433894082178122 0.0475310785696492
-0.027698219320441 0.0679846908932073 0.0400915969174566 0.0361431549573068 -0.0286699707131774 0.0181208895783198 0.0613620420162384 0.0384834855146341
-0.024016079141136 0.0318831941828098 0.0361431549573068 0.0558671147410015 -0.0464192095731002 -0.0193472264119857 0.000878759030633273 0.0187682526561871
0.0721534854203402 -0.0315614624190999 -0.0286699707131774 -0.0464192095731002 -0.000627216041031379 0.030271276534197 0.0137937194088399 -0.0611745218399583
0.0107865624796571 0.0169229783598096 0.0181208895783198 -0.0193472264119857 0.030271276534197 -0.0283656669465946 0.0138841412914212 -0.00849413797486938
0.0132675091575496 0.0433894082178122 0.0613620420162384 0.000878759030633274 0.0137937194088398 0.0138841412914212 0.0618359283099805 -0.0102310986085978
-0.0611276908331175 0.0475310785696492 0.0384834855146341 0.0187682526561871 -0.0611745218399583 -0.00849413797486938 -0.0102310986085978 0.0866395288983347
