0.0990647692309138 -0.0811444933278968 -0.0809347961928385 -0.0292576602894257 0.0936175429461624 0.0572140986167791 0.0625640710424911 -0.0753458149885742
-0.0811444933278968 0.147532872577757 0.172078000478964 -0.00375881274048521 -0.0539244883996803 0.00786719622099197 0.0116529107155691 0.0694456830817657
-0.0809347961928385 0.172078000478964 0.215418662090755 -0.0342019049874468 -0.058668859924683 0.00132957976946307 0.0515468576272564 0.0709670505970568
-0.0292576602894257 -0.0037588127404852 -0.0342019049874468 0.115883411861108 -0.0147724310583474 -0.0743024487620638 -0.025738825259243 0.0600839178577961
0.0936175429461624 -0.0539244883996803 -0.058668859924683 -0.0147724310583474 -0.00276999709236638 0.0343437021799548 0.091989792853251 -0.0572972056431867
0.0572140986167791 0.00786719622099198 0.00132957976946307 -0.0743024487620638 0.0343437021799548 0.075962471485683 -0.0582778609791538 -0.0451717958110384
0.0625640710424911 0.0116529107155691 0.0515468576272564 -0.025738825259243 0.091989792853251 -0.0582778609791538 0.329615999396992 -0.0462035362903911
-0.0753458149885742 0.0694456830817657 0.0709670505970568 0.0600839178577961 -0.0572972056431867 -0.0451717958110384 -0.0462035362903911 0.0433772746577861
