0.0359071084036347 -0.00240084697688395 0.0196886759847278 0.00251340469164803 0.00406087364118483 0.0411168942881124 0.0240871470043514 -0.0027446325790101
-0.00240084697688395 0.0523454397791792 0.0728905168623581 0.0224588650472888 -0.0107439479423184 0.0272528148371195 0.0280950549466505 0.0369891510466735
0.0196886759847278 0.0728905168623581 0.113774161588098 0.00493443147328094 0.0132933348457777 0.0689880933871286 0.0638962030795074 0.0229924325752906
0.00251340469164803 0.0224588650472888 0.00493443147328094 0.0546476106432605 -0.013724851970057 -0.0183737953289448 -0.00343806412178904 0.0571793216480182
0.00406087364118483 -0.0107439479423184 0.0132933348457777 -0.013724851970057 -0.0405778068911807 -0.0168692382671028 0.030939921919446 0.000722986995799691
0.0411168942881124 0.0272528148371195 0.0689880933871286 -0.0183737953289448 -0.0168692382671028 0.0491255437172534 0.0251908981035224 -0.00348032184607699
0.0240871470043514 0.0280950549466505 0.0638962030795074 -0.00343806412178904 0.030939921919446 0.0251908981035224 -0.0278040512139327 -0.00705321006188838
-0.0027446325790101 0.0369891510466735 0.0229924325752906 0.0571793216480182 0.000722986995799692 -0.00348032184607699 -0.00705321006188838 0.0617765596986555
