0.0832239511023389 -0.0418073889093061 -0.044983442043417 -0.0283955198726234 0.128807298265976 0.0312070870435893 0.0802843366725562 -0.0422784838619918
-0.0418073889093061 0.0851425869776388 0.0988950063215657 -0.00870365511932816 -0.0466456832364653 0.0343780958958104 -0.00557147506081869 0.0119257434497542
-0.044983442043417 0.0988950063215657 0.091995019410539 -0.0450465604880783 -0.0576219899436894 0.0446858780312004 -0.0196789412946659 -0.00462763516333838
-0.0283955198726234 -0.00870365511932816 -0.0450465604880783 0.186542967812583 0.002936876373645 -0.0607207589431258 0.0219708884040123 0.139166392139275
0.128807298265976 -0.0466456832364653 -0.0576219899436894 0.00293687637364499 0.0674054300007828 0.0217053114002777 0.172554285164711 -0.0122227855132483
0.0312070870435893 0.0343780958958104 0.0446858780312004 -0.0607207589431258 0.0217053114002777 0.00919505231456235 0.0370819944339746 -0.0348898075083683
0.0802843366725562 -0.00557147506081869 -0.019678941294666 0.0219708884040123 0.172554285164711 0.0370819944339746 0.264270699860671 0.00454888816078803
-0.0422784838619918 0.0119257434497542 -0.00462763516333838 0.139166392139275 -0.0122227855132483 -0.0348898075083683 0.00454888816078803 0.0801930053895069
